999999 上证指数 日线
      日期	    开盘	    最高	    最低	    收盘	    成交量	    成交额
01/11/2007	2819.37	2841.18	2763.89	2770.11	129311906	85245698048.000
01/12/2007	2745.32	2782.02	2652.58	2668.11	115652485	74764099584.000
01/15/2007	2660.07	2795.33	2658.88	2794.70	100422384	68342468608.000
01/16/2007	2818.66	2830.80	2757.21	2821.02	118180640	84486053888.000
01/17/2007	2828.40	2870.42	2742.59	2778.90	136587026	98319163392.000
01/18/2007	2760.94	2784.04	2679.71	2756.98	122258653	85799665664.000
01/19/2007	2761.89	2833.45	2761.89	2832.21	131951295	91283693568.000
01/22/2007	2857.90	2934.65	2857.90	2933.19	149619535	104856018944.000
01/23/2007	2964.69	2970.69	2851.92	2949.14	152320761	110637785088.000
01/24/2007	2955.42	2994.28	2927.72	2975.13	130427897	98924625920.000
01/25/2007	2946.50	2947.15	2853.82	2857.36	125886326	94447493120.000
01/26/2007	2805.96	2905.98	2720.83	2882.56	118801145	86160711680.000
01/29/2007	2897.25	2954.34	2885.86	2945.26	122395752	90932969472.000
01/30/2007	2959.40	2980.51	2901.76	2930.56	122196845	89444524032.000
01/31/2007	2926.07	2929.65	2766.75	2786.33	124171107	87820345344.000
02/01/2007	2744.81	2801.69	2706.29	2785.43	101361251	70993395712.000
02/02/2007	2791.49	2796.44	2666.86	2673.21	92265085	66230149120.000
02/05/2007	2658.07	2672.35	2610.33	2612.54	75017572	55458930688.000
02/06/2007	2612.84	2677.04	2541.52	2675.70	95016560	70132072448.000
02/07/2007	2688.96	2745.39	2681.33	2716.18	103915715	78834139136.000
02/08/2007	2725.14	2751.16	2691.27	2737.73	93184171	70419562496.000
02/09/2007	2741.48	2747.94	2704.36	2730.39	85831143	63819620352.000
02/12/2007	2729.84	2807.51	2728.78	2807.17	85771238	64583311360.000
02/13/2007	2819.14	2835.09	2801.31	2831.87	84208530	63091113984.000
02/14/2007	2836.82	2915.06	2823.38	2905.09	101364738	75587551232.000
02/15/2007	2923.67	2994.62	2923.67	2993.01	119152636	88757264384.000
02/16/2007	3018.18	3036.35	2975.83	2998.47	128264323	95921192960.000
02/26/2007	2999.09	3041.34	2960.75	3040.60	120384868	92589899776.000
02/27/2007	3048.83	3049.77	2763.40	2771.79	174726538	131570712576.000
02/28/2007	2734.59	2888.90	2732.88	2881.07	130789415	97059725312.000
03/01/2007	2877.20	2878.35	2760.91	2797.19	133871370	107725570048.000
03/02/2007	2792.94	2846.16	2777.80	2831.53	99136695	75853848576.000
03/05/2007	2827.68	2858.44	2723.06	2785.31	115036906	86327451648.000
03/06/2007	2776.17	2866.33	2756.96	2840.18	82630781	64958636032.000
03/07/2007	2851.75	2911.42	2849.65	2896.59	94891031	75059970048.000
03/08/2007	2904.19	2928.80	2871.46	2928.01	94524428	74766450688.000
03/09/2007	2934.49	2962.42	2891.81	2937.91	114379753	90953564160.000
03/12/2007	2945.92	2958.63	2904.74	2954.91	107483463	86511788032.000
03/13/2007	2958.10	2966.19	2932.23	2964.79	112430900	89548234752.000
03/14/2007	2933.68	2934.45	2868.81	2906.33	119796932	94836146176.000
03/15/2007	2905.98	2955.46	2905.98	2951.70	111138125	88219475968.000
03/16/2007	2964.09	2979.71	2899.03	2930.48	131176691	106075668480.000
03/19/2007	2864.26	3038.00	2852.86	3014.44	118317590	96289832960.000
03/20/2007	3024.78	3033.02	2998.80	3032.20	98048524	82556526592.000
03/21/2007	3042.10	3057.71	3020.95	3057.38	104018724	90144284672.000
03/22/2007	3080.60	3099.82	3059.38	3071.23	133498387	113908719616.000
03/23/2007	3071.81	3085.32	3008.15	3074.29	123793750	105497247744.000
03/26/2007	3083.94	3123.18	3069.47	3122.81	128004082	110761213952.000
03/27/2007	3126.02	3145.04	3103.78	3138.83	130171722	115033579520.000
03/28/2007	3140.68	3180.33	3052.08	3173.02	176485101	152751751168.000
03/29/2007	3179.80	3273.73	3176.53	3197.54	159332601	142145175552.000
03/30/2007	3178.50	3212.39	3157.03	3183.98	96053207	84162478080.000
04/02/2007	3196.59	3253.44	3196.59	3252.59	108277032	95220178944.000
04/03/2007	3265.68	3292.58	3251.52	3291.30	122608906	109697056768.000
04/04/2007	3295.98	3308.15	3266.56	3291.54	130668291	116640432128.000
04/05/2007	3286.16	3326.92	3259.63	3319.14	124487240	116256391168.000
04/06/2007	3287.68	3334.22	3273.85	3323.58	129058791	123596283904.000
04/09/2007	3333.42	3399.51	3333.26	3398.95	146916253	141501972480.000
04/10/2007	3405.23	3444.37	3351.10	3444.29	156472663	154384842752.000
04/11/2007	3454.42	3497.52	3428.78	3495.22	157105462	157818585088.000
04/12/2007	3503.23	3532.86	3488.08	3531.03	145027215	149932195840.000
04/13/2007	3537.22	3563.86	3504.16	3518.27	160138105	168092106752.000
04/16/2007	3523.22	3597.22	3523.22	3596.44	138165447	146758909952.000
04/17/2007	3611.63	3622.89	3510.50	3611.87	170124337	177817059328.000
04/18/2007	3614.68	3623.87	3564.23	3612.40	157569861	168657813504.000
04/19/2007	3610.02	3617.44	3358.93	3449.02	183034583	189529456640.000
04/20/2007	3460.90	3591.46	3460.90	3584.20	146076848	157389504512.000
04/23/2007	3615.79	3710.89	3615.79	3710.89	171334845	184489443328.000
04/24/2007	3736.15	3762.39	3689.13	3720.53	182650149	205423280128.000
04/25/2007	3708.57	3769.25	3653.99	3743.96	158326857	176718184448.000
04/26/2007	3766.48	3784.68	3732.60	3783.06	125989628	143743696896.000
04/27/2007	3788.75	3802.92	3720.60	3759.87	139387579	164222484480.000
04/30/2007	3784.27	3851.35	3759.48	3841.27	161432001	188655894528.000
05/08/2007	3937.94	3964.71	3901.33	3950.01	172703139	207415410688.000
05/09/2007	3961.10	4015.22	3875.38	4013.08	218562858	257233436672.000
05/10/2007	4021.42	4072.14	3991.48	4049.70	179749373	209468555264.000
05/11/2007	4024.42	4039.67	3949.37	4021.68	153198317	186251722752.000
05/14/2007	3970.66	4081.43	3940.36	4046.39	149498709	187320532992.000
05/15/2007	4055.83	4069.85	3891.36	3899.18	166526144	207435956224.000
05/16/2007	3890.81	3987.41	3845.23	3986.04	142199405	174469414912.000
05/17/2007	4002.49	4064.28	3983.00	4048.29	148792585	189552623616.000
05/18/2007	4041.39	4052.10	3999.17	4030.26	138247953	175144763392.000
05/21/2007	3902.35	4083.42	3892.98	4072.23	165329334	211353780224.000
05/22/2007	4091.14	4136.63	4086.82	4110.38	181476906	234563403776.000
05/23/2007	4125.43	4175.44	4093.92	4173.71	182091471	223044993024.000
05/24/2007	4188.68	4208.39	4089.39	4151.13	210286383	257214775296.000
05/25/2007	4133.19	4190.47	4111.26	4179.78	167487172	223580241920.000
05/28/2007	4221.58	4283.93	4215.24	4272.11	193538409	261066424320.000
05/29/2007	4288.98	4335.96	4262.02	4334.92	182559015	250780057600.000
05/30/2007	4087.41	4275.24	4015.51	4053.09	206780008	275504037888.000
05/31/2007	4006.28	4178.11	3858.04	4109.65	191331771	243111985152.000
06/01/2007	4120.63	4181.28	3966.98	4000.74	176464196	231465320448.000
06/04/2007	3981.82	3987.27	3659.09	3670.40	129557797	148950335488.000
06/05/2007	3564.43	3768.56	3404.15	3767.10	171665734	182139191296.000
06/06/2007	3781.38	3821.70	3682.79	3776.32	154592458	177029283840.000
06/07/2007	3787.70	3891.40	3779.50	3890.80	153143200	179995656192.000
06/08/2007	3900.03	3935.79	3852.04	3913.14	149345870	182088171520.000
06/11/2007	3942.00	4000.42	3930.74	3995.68	143252448	181158625280.000
06/12/2007	4011.68	4073.18	3910.00	4072.14	163300216	207868575744.000
06/13/2007	4110.74	4193.45	4102.04	4176.48	183342908	223878594560.000
06/14/2007	4162.21	4179.73	4085.78	4115.21	155049005	189433544704.000
06/15/2007	4085.66	4152.54	4067.36	4132.87	132866751	157427040256.000
06/18/2007	4195.39	4267.74	4193.31	4253.35	157365885	188937994240.000
06/19/2007	4247.75	4280.85	4209.58	4269.52	151253010	185635209216.000
06/20/2007	4269.46	4312.00	4164.27	4181.32	152972080	195923656704.000
06/21/2007	4170.89	4256.54	4147.05	4230.82	125672320	164638277632.000
06/22/2007	4230.97	4249.43	4024.49	4091.45	134442319	170914037760.000
06/25/2007	4102.79	4131.13	3912.42	3941.08	113366362	143212806144.000
06/26/2007	3863.25	3976.19	3818.85	3973.37	112051548	126644117504.000
06/27/2007	3985.72	4090.72	3948.29	4078.60	110489917	130071052288.000
06/28/2007	4080.19	4113.28	3912.81	3914.20	112429662	130883002368.000
06/29/2007	3824.29	3919.34	3779.81	3820.70	96644497	107079819264.000
07/02/2007	3800.23	3859.86	3724.19	3836.29	82022526	91204018176.000
07/03/2007	3854.72	3906.76	3821.46	3899.72	79514770	87494156288.000
07/04/2007	3906.01	3916.48	3800.27	3816.17	63467272	73707036672.000
07/05/2007	3769.64	3778.40	3614.53	3615.87	72647521	75647811584.000
07/06/2007	3599.82	3785.35	3563.54	3781.35	90470436	94273372160.000
07/09/2007	3809.67	3900.90	3782.73	3883.22	92260752	101196808192.000
07/10/2007	3895.91	3929.42	3841.80	3853.02	84396721	95366766592.000
07/11/2007	3837.80	3879.29	3812.14	3865.72	57448157	63588507648.000
07/12/2007	3874.04	3925.60	3861.04	3915.99	60982958	71476232192.000
07/13/2007	3920.83	3935.51	3878.18	3914.40	49445315	57080573952.000
07/16/2007	3920.65	3931.87	3820.57	3821.92	51030065	59597086720.000
07/17/2007	3809.56	3919.78	3767.22	3896.19	51964366	61198868480.000
07/18/2007	3880.85	3971.61	3861.91	3930.06	68614501	81250115584.000
07/19/2007	3918.54	3947.33	3887.59	3912.94	52345746	63733923840.000
07/20/2007	3918.41	4062.12	3918.41	4058.85	91267590	106475143168.000
07/23/2007	4091.24	4220.32	4091.24	4213.36	131279409	156515336192.000
07/24/2007	4238.32	4284.83	4192.72	4210.33	118219297	143277359104.000
07/25/2007	4212.95	4325.38	4212.23	4323.97	101035389	127339773952.000
07/26/2007	4347.78	4371.51	4304.19	4346.46	105949939	134389006336.000
07/27/2007	4315.37	4357.34	4268.79	4345.36	107030226	139207491584.000
07/30/2007	4348.61	4450.19	4345.79	4440.77	120484575	155407646720.000
07/31/2007	4432.27	4476.63	4379.20	4471.03	115771604	152116592640.000
08/01/2007	4488.77	4502.30	4284.87	4300.56	135178316	173205880832.000
08/02/2007	4316.57	4431.85	4290.81	4407.73	105276539	142617313280.000
08/03/2007	4440.98	4562.69	4438.96	4560.77	123848531	175768666112.000
08/06/2007	4600.12	4629.97	4564.31	4628.11	120282863	169850159104.000
08/07/2007	4642.01	4687.44	4581.29	4651.23	122949077	181856010240.000
08/08/2007	4614.59	4711.32	4568.69	4663.16	124960201	160452034560.000
08/09/2007	4658.59	4768.89	4658.59	4754.10	102770615	139388403712.000
08/10/2007	4745.18	4769.62	4640.77	4749.37	108841808	149041119232.000
08/13/2007	4768.62	4872.55	4728.89	4820.06	120527643	163280224256.000
08/14/2007	4820.15	4876.85	4789.90	4872.79	96606565	129940373504.000
08/15/2007	4875.51	4916.31	4762.72	4869.88	97385433	133048803328.000
08/16/2007	4845.02	4845.02	4710.31	4765.45	96274508	129801347072.000
08/17/2007	4733.14	4814.37	4646.43	4656.57	98503167	135707222016.000
08/20/2007	4773.83	4906.00	4758.40	4904.85	105778969	147060441088.000
08/21/2007	4944.21	4982.98	4917.82	4955.21	109315333	157189160960.000
08/22/2007	4876.35	4999.19	4861.27	4980.08	113919029	163696197632.000
08/23/2007	5002.84	5050.38	4968.33	5032.49	105134605	154863190016.000
08/24/2007	5070.65	5125.36	5052.24	5107.67	117365472	167554777088.000
08/27/2007	5144.82	5192.06	5092.08	5150.12	126400121	178919276544.000
08/28/2007	5134.14	5209.51	5058.45	5194.69	113092492	168995061760.000
08/29/2007	5147.71	5204.53	5063.41	5109.43	108612235	163971416064.000
08/30/2007	5144.11	5186.53	5109.66	5167.88	108045263	156838854656.000
08/31/2007	5184.09	5235.16	5158.37	5218.83	109605012	158334681088.000
09/03/2007	5257.78	5327.54	5257.78	5321.06	133857769	190997987328.000
09/04/2007	5333.40	5357.93	5265.00	5294.04	128323463	188551725056.000
09/05/2007	5296.07	5337.93	5223.67	5310.72	103939662	152905334784.000
09/06/2007	5336.67	5412.32	5314.34	5393.66	113969622	167026327552.000
09/07/2007	5381.19	5405.36	5269.25	5277.18	127017509	188588212224.000
09/10/2007	5208.32	5356.86	5169.90	5355.29	107961614	154584285184.000
09/11/2007	5362.94	5395.04	5093.92	5113.97	116636862	171822088192.000
09/12/2007	5092.58	5192.30	5025.34	5172.63	102822618	150850863104.000
09/13/2007	5193.41	5276.77	5178.87	5273.59	91614920	142069612544.000
09/14/2007	5290.26	5324.44	5201.85	5312.18	99322792	153444990976.000
09/17/2007	5309.06	5427.17	5307.77	5421.39	111422093	168752234496.000
09/18/2007	5446.73	5458.58	5339.92	5425.21	109220618	169712762880.000
09/19/2007	5439.02	5447.36	5336.07	5395.27	93804932	151435739136.000
09/20/2007	5408.48	5482.42	5396.11	5470.06	90807115	144378740736.000
09/21/2007	5482.51	5489.07	5363.35	5454.67	96895388	151812390912.000
09/24/2007	5469.84	5506.06	5404.42	5485.01	85233551	142787330048.000
09/25/2007	5500.27	5509.23	5396.48	5425.88	100471910	142744076288.000
09/26/2007	5407.83	5463.90	5320.02	5338.52	67026984	106440228864.000
09/27/2007	5338.11	5411.19	5306.82	5409.40	61922898	96937123840.000
09/28/2007	5461.58	5560.42	5461.58	5552.30	87960765	140776030208.000
10/08/2007	5683.31	5729.96	5620.00	5692.75	103405181	157884465152.000
10/09/2007	5678.91	5725.41	5628.35	5715.89	88078373	163700408320.000
10/10/2007	5742.65	5860.86	5727.24	5771.46	99312377	167238828032.000
10/11/2007	5798.39	5914.77	5755.99	5913.23	99988920	179414466560.000
10/12/2007	5950.90	5959.36	5658.81	5903.26	126678684	221513154560.000
10/15/2007	5934.77	6039.04	5866.13	6030.09	105007740	195297640448.000
10/16/2007	6056.95	6124.04	6040.71	6092.06	101170961	166863077376.000
10/17/2007	6057.43	6088.89	5982.20	6036.28	80798314	136196956160.000
10/18/2007	6031.92	6055.47	5804.97	5825.28	81018548	133515902976.000
10/19/2007	5869.12	5932.11	5766.86	5818.05	60831933	104879120384.000
10/22/2007	5742.79	5804.84	5654.91	5667.33	59636624	97003675648.000
10/23/2007	5660.07	5776.02	5574.84	5773.39	63479045	102723035136.000
10/24/2007	5804.02	5906.69	5793.56	5843.11	67226642	110569775104.000
10/25/2007	5794.22	5819.88	5546.04	5562.39	79283677	121939132416.000
10/26/2007	5498.86	5628.83	5462.01	5589.63	57016416	88897290240.000
10/29/2007	5641.98	5750.25	5617.98	5748.00	54026791	83125690368.000
10/30/2007	5769.20	5899.65	5701.34	5897.19	58587410	91794628608.000
10/31/2007	5984.71	6002.12	5871.48	5954.77	78533118	121443827712.000
11/01/2007	5978.94	6005.13	5912.50	5914.29	71435580	112486318080.000
11/02/2007	5812.46	5860.59	5740.40	5777.81	67470696	108116762624.000
11/05/2007	5748.18	5787.23	5603.47	5634.45	72512028	157116137472.000
11/06/2007	5593.35	5649.75	5510.16	5536.57	50246316	85072502784.000
11/07/2007	5565.65	5610.95	5469.76	5601.78	47346435	77633839104.000
11/08/2007	5559.15	5559.15	5328.20	5330.02	55206618	85617655808.000
11/09/2007	5276.01	5382.70	5217.63	5315.54	52217371	82149277696.000
11/12/2007	5181.17	5250.08	5032.58	5187.73	58538971	89103892480.000
11/13/2007	5239.34	5311.70	5085.44	5158.12	54510381	84659576832.000
11/14/2007	5246.57	5414.61	5165.06	5412.69	57122513	89809313792.000
11/15/2007	5391.02	5453.74	5338.90	5365.27	51908540	82090065920.000
11/16/2007	5273.08	5335.51	5224.31	5316.27	40227143	62442803200.000
11/19/2007	5325.30	5333.09	5240.42	5269.82	44342349	63980818432.000
11/20/2007	5230.74	5338.17	5158.54	5293.70	52475392	80335200256.000
11/21/2007	5307.79	5344.93	5206.57	5214.23	45097707	67029024768.000
11/22/2007	5113.88	5154.86	4969.89	4984.16	43787229	65695313920.000
11/23/2007	4946.26	5034.23	4896.99	5032.13	33460438	50929704960.000
11/26/2007	5102.53	5124.89	4952.43	4958.85	40917657	61209038848.000
11/27/2007	4919.91	4947.08	4857.04	4861.11	33555404	53508235264.000
11/28/2007	4870.84	4907.76	4778.73	4803.39	35763719	54130647040.000
11/29/2007	4870.86	5011.19	4814.78	5003.33	55397690	82717097984.000
11/30/2007	4993.74	4993.74	4861.86	4871.78	47820971	71871741952.000
12/03/2007	4838.56	4899.67	4798.01	4868.61	56402409	70790135808.000
12/04/2007	4882.15	4971.40	4882.15	4915.89	46273728	61797191680.000
12/05/2007	4917.37	5052.75	4893.32	5042.65	58583331	81064591360.000
12/06/2007	5055.83	5065.51	4995.47	5035.07	46471042	65496301568.000
12/07/2007	5038.48	5096.80	5021.37	5091.76	53468167	72696922112.000
12/10/2007	5010.83	5168.76	4990.72	5161.92	77063987	110027415552.000
12/11/2007	5180.54	5209.71	5103.75	5175.08	72219513	108067323904.000
12/12/2007	5148.25	5149.93	5054.56	5095.54	76128968	114179792896.000
12/13/2007	5078.18	5095.15	4954.36	4958.04	71958693	106463698944.000
12/14/2007	4899.75	5011.20	4860.16	5007.91	56960274	82762326016.000
12/17/2007	5007.29	5007.35	4874.62	4876.76	67238508	102570074112.000
12/18/2007	4856.47	4905.49	4812.16	4836.17	43298096	65682145280.000
12/19/2007	4878.07	4960.42	4868.35	4941.78	61679671	87874953216.000
12/20/2007	4965.29	5050.79	4923.29	5043.54	63605152	89459548160.000
12/21/2007	5017.19	5112.39	5013.76	5101.78	73200010	105397952512.000
12/24/2007	5132.91	5284.34	5104.65	5234.26	94815113	142797963264.000
12/25/2007	5233.17	5254.40	5178.80	5201.18	76475231	126625972224.000
12/26/2007	5209.04	5262.59	5158.76	5233.35	80088948	124458344448.000
12/27/2007	5248.22	5316.52	5203.50	5308.89	94039662	149040463872.000
12/28/2007	5320.01	5336.50	5248.69	5261.56	82217578	135155384320.000
01/02/2008	5265.00	5295.02	5201.89	5272.81	81791595	134602448896.000
01/03/2008	5269.80	5321.46	5211.05	5319.86	103194985	171876204544.000
01/04/2008	5328.41	5372.46	5318.46	5361.57	85831463	147078250496.000
01/07/2008	5357.45	5403.35	5332.60	5393.34	97223911	163781984256.000
01/08/2008	5414.56	5480.07	5344.65	5386.53	111114397	187142127616.000
01/09/2008	5365.22	5437.76	5346.85	5435.81	81411628	140814073856.000
01/10/2008	5449.16	5483.83	5407.31	5456.54	100051170	175224569856.000
01/11/2008	5471.39	5500.06	5423.81	5484.68	92103357	157237280768.000
01/14/2008	5507.58	5522.78	5456.93	5497.90	82321215	143381479424.000
01/15/2008	5503.93	5505.04	5405.60	5443.79	85666022	153082986496.000
01/16/2008	5395.28	5396.04	5288.77	5290.61	96406639	164135845888.000
01/17/2008	5235.91	5312.29	5039.79	5151.63	106100856	177042931712.000
01/18/2008	5141.37	5187.60	5093.13	5180.51	72624776	119607205888.000
01/21/2008	5188.79	5200.93	4891.29	4914.44	81211697	132078960640.000
01/22/2008	4818.00	4818.00	4511.95	4559.75	102336562	157759029248.000
01/23/2008	4572.90	4705.07	4510.50	4703.05	94634129	142249869312.000
01/24/2008	4753.44	4767.80	4625.46	4717.73	95262912	150762700800.000
01/25/2008	4716.98	4806.89	4657.71	4761.69	81812176	130598969344.000
01/28/2008	4720.56	4720.56	4409.08	4419.29	73884917	110116282368.000
01/29/2008	4426.27	4517.60	4389.52	4457.94	54178263	80738443264.000
01/30/2008	4505.63	4554.34	4330.70	4417.85	60245518	94086209536.000
01/31/2008	4408.02	4487.32	4368.30	4383.39	47769542	76952526848.000
02/01/2008	4388.25	4411.70	4195.75	4320.77	63638132	97667948544.000
02/04/2008	4415.02	4672.21	4415.02	4672.17	69643006	111003860992.000
02/05/2008	4622.54	4662.97	4550.43	4599.70	57392923	94818975744.000
02/13/2008	4525.03	4547.54	4454.64	4490.72	39957596	62446702592.000
02/14/2008	4527.05	4576.98	4507.94	4552.32	37729953	58404564992.000
02/15/2008	4523.79	4523.79	4431.46	4497.13	44143679	67817111552.000
02/18/2008	4546.75	4601.22	4517.60	4568.15	59066103	93480919040.000
02/19/2008	4582.28	4665.55	4544.94	4664.29	64059076	104352833536.000
02/20/2008	4682.59	4695.80	4556.81	4567.03	70769217	116091912192.000
02/21/2008	4534.17	4568.21	4452.67	4527.18	64048598	101123072000.000
02/22/2008	4500.38	4500.38	4333.03	4370.29	71599535	111017394176.000
02/25/2008	4370.19	4391.33	4182.77	4192.53	62083394	94015602688.000
02/26/2008	4302.73	4331.64	4123.31	4238.18	60116850	91201667072.000
02/27/2008	4256.53	4360.70	4222.46	4334.05	53809633	83929063424.000
02/28/2008	4343.28	4344.93	4265.50	4299.51	50053342	76158115840.000
02/29/2008	4293.53	4364.81	4275.90	4348.54	50376737	76290072576.000
03/03/2008	4323.70	4456.96	4279.35	4438.27	82300317	126435745792.000
03/04/2008	4454.18	4472.15	4321.27	4335.45	90624112	137015009280.000
03/05/2008	4316.25	4352.82	4210.96	4292.65	77604471	114597371904.000
03/06/2008	4310.35	4427.50	4260.79	4360.99	87987783	134105227264.000
03/07/2008	4315.81	4341.29	4265.83	4300.52	58950769	92839313408.000
03/10/2008	4265.61	4265.61	4120.53	4146.30	69931286	98590121984.000
03/11/2008	4121.65	4165.92	4063.47	4165.88	54501735	80512311296.000
03/12/2008	4254.67	4272.98	4068.78	4070.12	61516846	89896198144.000
03/13/2008	4033.32	4055.45	3902.25	3971.26	68400883	97634836480.000
03/14/2008	3956.75	4000.78	3891.70	3962.67	45002554	65252999168.000
03/17/2008	3941.26	3941.26	3813.00	3820.05	53709178	74829529088.000
03/18/2008	3789.56	3862.77	3607.25	3668.90	65893996	81612464128.000
03/19/2008	3746.05	3813.89	3677.82	3761.60	68380482	90049495040.000
03/20/2008	3721.50	3857.62	3516.33	3804.05	81305179	108378193920.000
03/21/2008	3790.11	3838.06	3746.40	3796.58	69849405	97684840448.000
03/24/2008	3830.35	3840.48	3624.94	3626.19	63887304	89829679104.000
03/25/2008	3559.94	3659.21	3521.53	3629.62	57290501	79029911552.000
03/26/2008	3644.13	3698.32	3591.11	3606.86	52152381	71975567360.000
03/27/2008	3541.28	3541.28	3407.90	3411.49	62824513	78981308416.000
03/28/2008	3378.63	3590.75	3357.23	3580.15	72072283	92592537600.000
03/31/2008	3465.91	3555.82	3445.56	3472.71	54362681	68640899072.000
04/01/2008	3461.08	3493.13	3308.90	3329.16	63121930	75158724608.000
04/02/2008	3370.60	3464.53	3283.64	3347.88	76998643	89264840704.000
04/03/2008	3323.43	3456.95	3271.29	3446.24	64333598	69535432704.000
04/07/2008	3418.52	3613.48	3386.51	3599.62	74804899	87820918784.000
04/08/2008	3604.26	3656.96	3563.85	3612.54	80011838	95736848384.000
04/09/2008	3585.85	3606.89	3413.07	3413.91	74064057	84327055360.000
04/10/2008	3378.14	3474.31	3344.87	3471.74	55639805	61769162752.000
04/11/2008	3498.55	3517.82	3462.14	3492.89	51120849	60504002560.000
04/14/2008	3419.05	3427.88	3285.30	3296.67	60440567	69055168512.000
04/15/2008	3282.57	3349.76	3212.15	3348.35	53679175	60781285376.000
04/16/2008	3349.93	3363.22	3283.08	3291.60	48882910	54863761408.000
04/17/2008	3286.41	3352.95	3180.20	3222.74	53155274	63861792768.000
04/18/2008	3200.57	3203.71	3078.17	3094.67	51886324	56131940352.000
04/21/2008	3305.15	3305.17	3073.56	3116.98	75287830	82837012480.000
04/22/2008	3076.72	3148.73	2990.79	3147.79	58166391	60716236800.000
04/23/2008	3116.41	3296.72	3089.89	3278.33	78084671	88492941312.000
04/24/2008	3539.87	3593.20	3461.64	3583.03	169669170	195649044480.000
04/25/2008	3572.55	3658.55	3527.84	3557.75	154200060	190282809344.000
04/28/2008	3497.38	3530.91	3460.25	3474.72	88413250	111746670592.000
04/29/2008	3457.35	3544.23	3453.28	3523.41	76591708	101578973184.000
04/30/2008	3545.57	3705.09	3543.02	3693.11	129116723	161106083840.000
05/05/2008	3739.80	3768.22	3696.70	3761.01	114998523	150966435840.000
05/06/2008	3735.85	3786.02	3680.99	3733.50	112059711	151242506240.000
05/07/2008	3716.45	3774.07	3577.99	3579.15	103084973	136399388672.000
05/08/2008	3538.92	3658.05	3523.02	3656.84	84183657	110892400640.000
05/09/2008	3682.96	3693.16	3552.47	3613.49	98179830	131298230272.000
05/12/2008	3548.61	3668.86	3521.88	3626.98	88341688	118699851776.000
05/13/2008	3515.71	3615.06	3508.32	3560.24	100877254	125025714176.000
05/14/2008	3549.67	3661.97	3549.67	3657.43	98320939	124791881728.000
05/15/2008	3676.84	3706.72	3636.22	3637.32	90776037	114218278912.000
05/16/2008	3637.64	3661.07	3582.50	3624.23	69987385	90742628352.000
05/19/2008	3615.59	3624.84	3563.61	3604.76	52545786	68517859328.000
05/20/2008	3601.55	3632.01	3432.38	3443.16	73766926	90722025472.000
05/21/2008	3414.34	3560.53	3355.08	3544.19	83767522	99018006528.000
05/22/2008	3493.07	3558.02	3469.79	3485.63	74141044	95302877184.000
05/23/2008	3473.80	3521.39	3435.84	3473.09	64827601	77333258240.000
05/26/2008	3442.29	3443.99	3361.99	3364.54	58135104	68308221952.000
05/27/2008	3355.11	3383.68	3333.95	3375.41	46791212	56160784384.000
05/28/2008	3382.77	3486.33	3354.25	3459.03	58691655	70076055552.000
05/29/2008	3447.77	3481.73	3400.77	3401.44	55859470	68294279168.000
05/30/2008	3414.25	3450.49	3390.88	3433.35	52321308	65749811200.000
06/02/2008	3426.20	3483.61	3400.72	3459.04	52643064	62747365376.000
06/03/2008	3456.58	3469.06	3409.23	3436.40	60382127	70230212608.000
06/04/2008	3424.04	3428.47	3341.74	3369.91	52348533	60168523776.000
06/05/2008	3355.93	3376.34	3326.54	3351.65	44932211	54021586944.000
06/06/2008	3362.00	3371.28	3312.72	3329.67	37800211	43365924864.000
06/10/2008	3202.11	3215.50	3045.06	3072.33	59388627	62415892480.000
06/11/2008	3042.16	3064.20	2992.35	3024.24	54367536	55685844992.000
06/12/2008	3011.56	3031.06	2900.12	2957.53	57426478	58265063424.000
06/13/2008	2960.91	2976.45	2865.50	2868.80	46166398	46155796480.000
06/16/2008	2876.29	2917.81	2811.72	2874.10	46746839	44405219328.000
06/17/2008	2873.13	2893.47	2769.12	2794.75	48797885	44910469120.000
06/18/2008	2772.37	2945.42	2729.71	2941.11	77755139	71191887872.000
06/19/2008	2921.72	2921.72	2742.15	2748.87	65349653	61215207424.000
06/20/2008	2811.08	2917.32	2695.63	2831.74	84863691	81265934336.000
06/23/2008	2780.15	2813.14	2741.19	2760.42	46920521	43002003456.000
06/24/2008	2747.32	2817.17	2728.83	2803.02	57185818	51376959488.000
06/25/2008	2794.04	2910.48	2784.42	2905.01	74052210	69090459648.000
06/26/2008	2904.09	2931.31	2851.12	2901.85	74487132	70785744896.000
06/27/2008	2809.31	2822.26	2723.16	2748.43	70161208	63328923648.000
06/30/2008	2724.40	2766.80	2693.40	2736.10	44112864	41533038592.000
07/01/2008	2743.16	2753.33	2644.78	2651.60	45453359	43905654784.000
07/02/2008	2656.04	2700.90	2627.90	2651.73	45091525	44432654336.000
07/03/2008	2610.81	2746.37	2566.53	2703.53	77505649	75813789696.000
07/04/2008	2691.21	2713.48	2645.83	2669.89	62687235	62998798336.000
07/07/2008	2673.55	2801.53	2673.55	2792.40	86034029	83685466112.000
07/08/2008	2805.61	2843.60	2754.62	2814.95	90256346	89334693888.000
07/09/2008	2838.86	2920.55	2838.86	2920.55	108666487	108045819904.000
07/10/2008	2879.62	2952.04	2862.06	2875.45	100821676	101415804928.000
07/11/2008	2863.81	2888.29	2821.31	2856.63	71766361	71145299968.000
07/14/2008	2837.50	2895.30	2828.24	2878.26	60835795	60569268224.000
07/15/2008	2886.11	2896.33	2769.91	2779.45	79053113	76793765888.000
07/16/2008	2753.90	2765.15	2656.61	2705.87	68568853	61778382848.000
07/17/2008	2747.95	2773.28	2676.15	2684.78	58282337	52725891072.000
07/18/2008	2711.74	2785.53	2665.91	2778.37	65602518	60511907840.000
07/21/2008	2759.88	2865.06	2745.64	2861.42	76770958	71576371200.000
07/22/2008	2852.44	2868.62	2830.76	2846.12	68271227	66338271232.000
07/23/2008	2870.93	2887.58	2831.11	2837.85	68438073	65612361728.000
07/24/2008	2861.81	2912.70	2849.10	2910.29	81197950	79690645504.000
07/25/2008	2875.77	2888.58	2851.93	2865.10	68343502	65009225728.000
07/28/2008	2883.76	2924.45	2883.76	2903.01	68579904	65692971008.000
07/29/2008	2868.01	2868.01	2827.70	2850.31	63564361	60232458240.000
07/30/2008	2884.59	2894.37	2822.19	2836.67	53884533	49918976000.000
07/31/2008	2844.65	2848.00	2774.10	2775.72	49622271	44583202816.000
08/01/2008	2751.02	2830.76	2721.95	2801.82	55275270	51919024128.000
08/04/2008	2782.99	2793.26	2738.85	2741.74	40568642	38238068736.000
08/05/2008	2751.20	2762.26	2684.73	2690.75	46659852	43297644544.000
08/06/2008	2711.60	2743.11	2678.86	2719.37	45442546	42039746560.000
08/07/2008	2717.50	2742.71	2691.35	2727.58	44671093	39637925888.000
08/08/2008	2724.43	2725.93	2595.92	2605.72	56105979	47712079872.000
08/11/2008	2595.90	2601.50	2453.71	2470.07	54781005	42844749824.000
08/12/2008	2445.22	2484.75	2430.85	2457.20	42361578	32029138944.000
08/13/2008	2440.52	2458.77	2370.74	2446.30	47367936	36403412992.000
08/14/2008	2432.20	2454.25	2409.01	2437.08	35297167	28403265536.000
08/15/2008	2434.41	2476.86	2414.57	2450.61	36014374	27989790720.000
08/18/2008	2451.78	2455.50	2318.93	2319.87	58981748	36722548736.000
08/19/2008	2297.25	2355.93	2284.58	2344.47	44176704	28610168832.000
08/20/2008	2332.48	2523.47	2306.66	2523.28	84807494	60957536256.000
08/21/2008	2484.49	2518.44	2431.05	2431.72	70987706	53633613824.000
08/22/2008	2414.46	2426.71	2362.09	2405.23	51627371	37283508224.000
08/25/2008	2408.09	2443.99	2382.29	2413.37	37645585	27531059200.000
08/26/2008	2384.95	2403.02	2327.22	2350.08	45299686	32064673792.000
08/27/2008	2343.88	2385.99	2310.46	2342.15	45313216	33348857856.000
08/28/2008	2341.96	2374.25	2333.03	2350.14	39528970	29470752768.000
08/29/2008	2361.05	2420.85	2352.10	2397.37	53558021	38529044480.000
09/01/2008	2380.47	2380.47	2311.73	2325.14	40737473	29435975680.000
09/02/2008	2312.10	2329.01	2284.92	2304.89	38145536	26620530688.000
09/03/2008	2301.94	2321.53	2248.07	2276.67	47500946	33348651008.000
09/04/2008	2270.52	2295.35	2249.12	2277.41	38202468	26499125248.000
09/05/2008	2224.53	2238.32	2199.36	2202.45	44475660	28820690944.000
09/08/2008	2210.34	2220.55	2135.38	2143.42	43397107	28520380416.000
09/09/2008	2152.28	2161.35	2114.50	2145.78	35492471	22466340864.000
09/10/2008	2131.80	2185.69	2102.91	2150.76	45161048	29456232448.000
09/11/2008	2143.40	2148.12	2070.43	2078.98	42648418	28111945728.000
09/12/2008	2077.55	2104.63	2064.29	2079.67	34787752	23388651520.000
09/16/2008	2049.81	2049.81	1974.39	1986.64	53970790	34970591232.000
09/17/2008	1971.94	1999.95	1922.68	1929.05	52543627	32954255360.000
09/18/2008	1876.12	1942.85	1802.33	1895.84	78205711	45074661376.000
09/19/2008	2067.64	2075.09	2043.32	2075.09	69866552	43064377344.000
09/22/2008	2241.72	2269.73	2164.80	2236.41	165326445	117651898368.000
09/23/2008	2209.12	2253.40	2181.96	2201.51	115289914	80024895488.000
09/24/2008	2133.10	2218.29	2116.96	2216.81	74211938	50525556736.000
09/25/2008	2214.58	2333.28	2211.45	2297.50	120054840	86660661248.000
09/26/2008	2304.12	2310.45	2246.28	2293.78	90838419	68700659712.000
10/06/2008	2267.39	2267.39	2172.57	2173.74	69697845	48758124544.000
10/07/2008	2101.09	2183.00	2072.90	2157.84	66974600	48741806080.000
10/08/2008	2095.91	2127.08	2059.09	2092.22	58859319	41995943936.000
10/09/2008	2125.57	2130.87	2063.41	2074.58	53369617	37129539584.000
10/10/2008	1995.96	2027.83	1963.18	2000.57	63544592	39809122304.000
10/13/2008	1978.56	2074.47	1931.47	2073.57	68468912	43696852992.000
10/14/2008	2139.06	2146.73	2016.18	2017.32	81131895	55378788352.000
10/15/2008	1995.89	2013.49	1963.10	1994.67	47896861	30599856128.000
10/16/2008	1916.13	1943.32	1901.50	1909.94	59837806	36300410880.000
10/17/2008	1921.84	1941.30	1902.60	1930.65	45736073	27025104896.000
10/20/2008	1924.18	1979.84	1890.92	1974.01	54057592	33403203584.000
10/21/2008	1978.67	1996.66	1956.11	1958.53	62318899	39814922240.000
10/22/2008	1932.68	1950.79	1894.31	1895.82	53899980	33102391296.000
10/23/2008	1851.26	1879.85	1828.31	1875.56	54004501	33803272192.000
10/24/2008	1875.63	1888.10	1825.53	1839.62	51634501	32432211968.000
10/27/2008	1809.22	1809.22	1721.60	1723.35	58625434	33206155264.000
10/28/2008	1671.40	1786.44	1664.93	1771.82	73037017	41329201152.000
10/29/2008	1786.20	1795.09	1719.33	1719.81	62683128	36688990208.000
10/30/2008	1732.77	1788.20	1710.73	1763.61	65750448	36862255104.000
10/31/2008	1754.21	1765.68	1721.59	1728.79	46611693	25911035904.000
11/03/2008	1713.76	1750.32	1702.98	1719.77	40779560	23730438144.000
11/04/2008	1707.93	1717.10	1678.96	1706.70	44283539	24396869632.000
11/05/2008	1716.22	1788.26	1716.22	1760.61	70096100	38776291328.000
11/06/2008	1720.42	1728.22	1703.10	1717.72	51488498	27749832704.000
11/07/2008	1686.52	1762.23	1680.60	1747.71	54787372	29615239168.000
11/10/2008	1782.31	1876.16	1782.31	1874.80	107350833	58898997248.000
11/11/2008	1872.07	1887.80	1840.92	1843.61	103059600	58341392384.000
11/12/2008	1820.44	1863.90	1815.08	1859.11	75258602	42248237056.000
11/13/2008	1837.27	1942.90	1825.88	1927.61	137423970	80347234304.000
11/14/2008	1943.96	1987.26	1921.84	1986.44	147962965	90179010560.000
11/17/2008	1981.26	2031.10	1963.85	2030.48	153064805	92342116352.000
11/18/2008	2020.99	2050.88	1889.86	1902.43	173129184	103656701952.000
11/19/2008	1889.35	2023.91	1883.83	2017.47	145326062	86283698176.000
11/20/2008	1977.21	2030.87	1956.73	1983.76	143965804	87728128000.000
11/21/2008	1932.60	2013.18	1893.15	1969.39	143758160	85961859072.000
11/24/2008	1961.21	1974.47	1893.34	1897.06	94404964	56092237824.000
11/25/2008	1925.25	1939.37	1858.17	1888.71	78601196	46910980096.000
11/26/2008	1890.33	1914.71	1873.18	1897.88	72458227	43157835776.000
11/27/2008	2012.69	2022.48	1916.47	1917.86	141806562	86463193088.000
11/28/2008	1901.68	1915.27	1856.29	1871.16	87530424	51738267648.000
12/01/2008	1865.74	1895.76	1838.10	1894.61	90003945	53212405760.000
12/02/2008	1856.97	1907.78	1846.53	1889.64	112980423	68603576320.000
12/03/2008	1903.43	1965.83	1902.94	1965.41	150121685	90765697024.000
12/04/2008	1992.72	2055.21	1985.20	2001.50	200387826	125748125696.000
12/05/2008	1984.26	2019.75	1975.71	2018.66	131765926	82640240640.000
12/08/2008	2049.16	2091.28	2038.19	2090.77	185099579	118990864384.000
12/09/2008	2100.77	2100.81	2036.89	2037.74	162663385	106297278464.000
12/10/2008	2025.03	2079.55	2005.56	2079.12	145914549	95427624960.000
12/11/2008	2072.58	2087.20	2028.73	2031.68	136534817	89782943744.000
12/12/2008	2014.58	2023.18	1932.27	1954.21	122347211	75192172544.000
12/15/2008	1977.03	1989.30	1936.56	1964.37	92329219	56596889600.000
12/16/2008	1948.86	1976.72	1907.83	1975.01	88858899	54114361344.000
12/17/2008	1983.84	2003.38	1971.82	1976.82	107697172	69741871104.000
12/18/2008	1978.97	2016.57	1958.97	2015.69	104159696	66517008384.000
12/19/2008	2006.21	2038.66	1997.12	2018.46	113438473	74472194048.000
12/22/2008	2016.45	2016.45	1965.35	1987.76	95539135	61504282624.000
12/23/2008	1990.05	1990.05	1895.18	1897.22	109226543	68225359872.000
12/24/2008	1873.58	1887.31	1850.85	1863.80	83169907	49347358720.000
12/25/2008	1865.72	1877.77	1832.35	1852.42	72833284	43145916416.000
12/26/2008	1852.91	1866.63	1840.19	1851.52	60504957	35681169408.000
12/29/2008	1846.30	1856.33	1815.41	1850.48	62787220	37889961984.000
12/30/2008	1851.91	1862.94	1826.98	1832.91	64432890	38727536640.000
12/31/2008	1834.95	1844.37	1814.75	1820.81	58598812	34416795648.000
01/05/2009	1849.02	1880.72	1844.09	1880.72	76897559	47204323328.000
01/06/2009	1878.83	1938.69	1871.97	1937.15	112999291	70696255488.000
01/07/2009	1938.97	1948.23	1920.52	1924.01	101468506	65051627520.000
01/08/2009	1890.24	1894.17	1862.26	1878.18	87735795	55992995840.000
01/09/2009	1875.16	1909.35	1875.16	1904.86	78200209	50959462400.000
01/12/2009	1897.70	1924.44	1886.83	1900.35	90622428	60272599040.000
01/13/2009	1880.87	1888.31	1861.81	1863.37	79809185	49948344320.000
01/14/2009	1862.31	1929.28	1862.31	1928.87	97810408	65307873280.000
01/15/2009	1912.77	1937.73	1902.54	1920.21	126188775	84408270848.000
01/16/2009	1928.92	1984.73	1928.92	1954.44	147868651	101896011776.000
01/19/2009	1971.00	2018.51	1966.19	1986.67	124867600	83096870912.000
01/20/2009	1981.15	1994.81	1956.10	1994.11	82934630	56609308672.000
01/21/2009	1965.94	2007.91	1960.53	1985.02	98646262	69469331456.000
01/22/2009	1996.09	2009.85	1980.44	2004.95	97908223	67691945984.000
01/23/2009	2001.17	2008.79	1986.35	1990.66	93640961	63861112832.000
02/02/2009	2008.13	2012.74	1987.13	2011.68	90548115	62515826688.000
02/03/2009	2011.77	2060.93	2005.02	2060.81	145237572	98045583360.000
02/04/2009	2068.09	2108.26	2067.79	2107.75	164960185	112348954624.000
02/05/2009	2106.83	2149.48	2082.60	2098.02	179808704	126470078464.000
02/06/2009	2102.08	2185.09	2102.08	2181.24	176048843	122842046464.000
02/09/2009	2211.32	2238.89	2196.71	2224.71	208813154	152752783360.000
02/10/2009	2218.49	2266.40	2197.01	2265.16	186446106	137601073152.000
02/11/2009	2230.49	2305.71	2218.30	2260.82	227207562	174858813440.000
02/12/2009	2265.79	2274.20	2191.89	2248.09	188358647	144204267520.000
02/13/2009	2249.19	2323.12	2236.18	2320.79	219003981	167278837760.000
02/16/2009	2338.76	2389.88	2328.18	2389.39	230582887	180693385216.000
02/17/2009	2387.35	2402.81	2316.93	2319.44	218470630	172215566336.000
02/18/2009	2271.26	2295.74	2206.06	2209.86	184776364	138503585792.000
02/19/2009	2224.49	2247.62	2190.47	2227.13	147070131	110818574336.000
02/20/2009	2234.36	2262.33	2206.21	2261.48	142202950	111008956416.000
02/23/2009	2249.29	2313.59	2219.71	2305.78	176613396	141029392384.000
02/24/2009	2273.75	2295.59	2193.27	2200.65	201875308	161108688896.000
02/25/2009	2222.51	2234.02	2142.60	2206.57	169724311	134275514368.000
02/26/2009	2201.67	2237.55	2102.35	2121.25	167254024	130177753088.000
02/27/2009	2100.06	2123.24	2064.92	2082.85	139240640	100274118656.000
03/02/2009	2066.23	2102.11	2052.99	2093.45	98491888	73695461376.000
03/03/2009	2047.21	2088.63	2037.02	2071.43	109428669	81550393344.000
03/04/2009	2076.62	2201.73	2076.62	2198.11	173558566	130465595392.000
03/05/2009	2220.15	2241.76	2173.49	2221.08	203032992	157528408064.000
03/06/2009	2180.79	2221.04	2171.67	2193.01	137166491	107504533504.000
03/09/2009	2205.75	2232.67	2116.45	2118.75	137818071	105822519296.000
03/10/2009	2097.14	2159.27	2088.16	2158.57	94182420	70763929600.000
03/11/2009	2199.98	2203.53	2133.14	2139.02	115508403	89852575744.000
03/12/2009	2127.73	2136.79	2086.02	2133.88	97057609	72333713408.000
03/13/2009	2148.42	2166.02	2124.98	2128.85	92861382	72488026112.000
03/16/2009	2122.41	2158.90	2108.61	2153.29	84310460	62957293568.000
03/17/2009	2156.77	2225.19	2151.78	2218.33	146705661	114601779200.000
03/18/2009	2227.98	2255.01	2221.59	2223.73	161633265	128107601920.000
03/19/2009	2227.34	2268.14	2220.16	2265.76	156881089	129417510912.000
03/20/2009	2272.44	2294.12	2250.41	2281.09	162400260	135495417856.000
03/23/2009	2286.25	2329.18	2276.81	2325.48	171081294	152140611584.000
03/24/2009	2359.68	2369.45	2327.43	2338.42	177166583	151987863552.000
03/25/2009	2333.16	2355.69	2291.36	2291.55	157223411	134063783936.000
03/26/2009	2296.05	2362.05	2274.90	2361.70	173814549	144393371648.000
03/27/2009	2380.63	2392.77	2361.09	2374.44	202863918	164883333120.000
03/30/2009	2377.96	2380.19	2348.53	2358.04	151774007	128756670464.000
03/31/2009	2313.88	2375.71	2299.16	2373.21	158204724	137650225152.000
04/01/2009	2380.98	2422.63	2380.98	2408.02	196224693	169103835136.000
04/02/2009	2417.22	2450.00	2417.11	2425.29	203449924	174933524480.000
04/03/2009	2446.12	2456.81	2406.50	2419.78	184928214	159629410304.000
04/07/2009	2422.10	2449.54	2407.51	2439.18	134799535	118443409408.000
04/08/2009	2429.88	2435.39	2346.54	2347.39	162022512	138085154816.000
04/09/2009	2345.01	2380.94	2331.88	2379.88	126747112	108844695552.000
04/10/2009	2400.01	2444.98	2392.80	2444.23	172687695	157863673856.000
04/13/2009	2468.08	2522.45	2464.06	2513.70	208587711	190509350912.000
04/14/2009	2512.01	2532.09	2495.34	2527.18	177057741	163858612224.000
04/15/2009	2514.59	2542.54	2485.93	2536.06	196891459	176891068416.000
04/16/2009	2542.34	2549.31	2497.12	2534.13	202458833	178158927872.000
04/17/2009	2524.63	2539.35	2481.90	2503.94	178011816	160410648576.000
04/20/2009	2500.17	2559.04	2497.32	2557.46	163364664	142984773632.000
04/21/2009	2523.26	2552.60	2499.60	2535.83	180986662	157746069504.000
04/22/2009	2548.10	2579.22	2449.90	2461.35	213984632	180970242048.000
04/23/2009	2440.68	2474.15	2422.79	2463.95	140964358	115712761856.000
04/24/2009	2477.16	2481.53	2445.66	2448.59	124442686	110341111808.000
04/27/2009	2443.44	2452.93	2393.16	2405.35	126570365	105298698240.000
04/28/2009	2382.88	2411.44	2372.34	2401.44	104409758	92346310656.000
04/29/2009	2401.66	2477.73	2395.48	2468.19	140227973	123478147072.000
04/30/2009	2477.93	2491.07	2461.36	2477.57	142065481	130255781888.000
05/04/2009	2486.69	2560.54	2486.23	2559.91	166068234	148654342144.000
05/05/2009	2577.43	2590.78	2552.39	2567.34	173313922	153862045696.000
05/06/2009	2563.56	2596.93	2552.63	2592.52	175516078	157317021696.000
05/07/2009	2612.12	2622.11	2566.12	2597.45	198989827	177758486528.000
05/08/2009	2586.76	2634.06	2574.57	2625.65	174623993	158432083968.000
05/11/2009	2646.29	2663.95	2579.75	2579.75	193385802	174955577344.000
05/12/2009	2562.36	2619.69	2558.96	2618.17	135343406	115764985856.000
05/13/2009	2629.03	2670.21	2608.32	2663.77	160666190	147360448512.000
05/14/2009	2631.45	2651.49	2610.22	2639.89	138342830	123858845696.000
05/15/2009	2646.89	2661.37	2623.36	2645.26	119376076	107977678848.000
05/18/2009	2632.57	2656.84	2589.61	2652.78	129358682	119503822848.000
05/19/2009	2679.40	2688.11	2660.56	2676.68	158752100	150171533312.000
05/20/2009	2680.55	2686.34	2651.01	2651.41	148167056	139295408128.000
05/21/2009	2639.14	2663.23	2598.87	2610.62	156382656	141382647808.000
05/22/2009	2595.99	2617.75	2578.59	2597.60	110703681	100774723584.000
05/25/2009	2555.34	2618.36	2538.62	2610.01	123584713	114606678016.000
05/26/2009	2615.01	2618.80	2585.91	2588.57	121942696	119278698496.000
05/27/2009	2601.24	2635.31	2592.79	2632.93	115082632	105251790848.000
06/01/2009	2668.40	2726.72	2668.40	2721.28	162047313	158963286016.000
06/02/2009	2739.44	2750.88	2713.47	2724.30	171612369	163936419840.000
06/03/2009	2722.27	2778.68	2717.86	2778.59	169429341	162236973056.000
06/04/2009	2753.25	2778.24	2728.20	2767.24	189882892	183071342592.000
06/05/2009	2783.86	2791.65	2750.38	2753.89	159409517	156208300032.000
06/08/2009	2753.34	2795.15	2729.03	2768.34	147120241	141551517696.000
06/09/2009	2766.51	2788.37	2721.85	2787.89	145030701	135542308864.000
06/10/2009	2796.90	2820.57	2790.00	2816.25	158114671	146409275392.000
06/11/2009	2812.28	2828.74	2787.45	2797.32	145818320	134757687296.000
06/12/2009	2793.97	2812.68	2722.22	2743.76	141124853	126264197120.000
06/15/2009	2743.03	2790.98	2727.74	2789.55	122804321	111428845568.000
06/16/2009	2762.74	2797.48	2753.69	2776.02	115704415	110552825856.000
06/17/2009	2771.52	2813.61	2744.22	2810.12	124135679	120398962688.000
06/18/2009	2812.99	2855.42	2810.85	2853.90	152234600	149759115264.000
06/19/2009	2861.18	2886.50	2847.36	2880.49	166571220	153538969600.000
06/22/2009	2900.57	2923.24	2884.13	2896.30	161241011	150368436224.000
06/23/2009	2853.49	2941.05	2841.90	2892.70	161926247	147720142848.000
06/24/2009	2889.05	2923.47	2880.28	2922.30	152622104	148911538176.000
06/25/2009	2926.62	2946.90	2909.09	2925.05	131177679	131541164032.000
06/26/2009	2930.50	2937.61	2910.34	2928.21	117330489	116750237696.000
06/29/2009	2930.31	2976.92	2918.39	2975.31	137076244	138428203008.000
06/30/2009	2990.12	2997.27	2953.36	2959.36	136922297	145773985792.000
07/01/2009	2950.17	3009.71	2947.69	3008.15	150140442	156104835072.000
07/02/2009	3015.08	3062.56	3015.08	3060.25	174747706	183504420864.000
07/03/2009	3035.81	3088.86	3029.55	3088.37	174495889	180366131200.000
07/06/2009	3091.48	3128.31	3090.10	3124.67	199131584	206765555712.000
07/07/2009	3118.27	3130.07	3077.48	3089.45	194615508	191155372032.000
07/08/2009	3057.46	3097.96	3011.21	3080.77	177484845	175032877056.000
07/09/2009	3073.52	3123.51	3064.21	3123.03	181390271	187210629120.000
07/10/2009	3124.79	3140.04	3099.99	3113.93	174289453	180566245376.000
07/13/2009	3098.96	3112.88	3076.30	3080.56	167169420	174729494528.000
07/14/2009	3088.58	3147.59	3088.58	3145.16	177534307	181164490752.000
07/15/2009	3156.63	3188.91	3156.63	3188.55	206725619	219623587840.000
07/16/2009	3209.77	3221.07	3175.96	3183.74	205167905	221217079296.000
07/17/2009	3181.06	3197.23	3158.57	3189.74	176252792	188687892480.000
07/20/2009	3203.89	3269.18	3192.90	3266.92	211984020	236527304704.000
07/21/2009	3275.67	3279.59	3207.50	3213.21	215195905	235796234240.000
07/22/2009	3207.99	3301.43	3207.26	3296.61	187782491	209399922688.000
07/23/2009	3301.10	3331.06	3289.22	3328.49	181509538	198042451968.000
07/24/2009	3343.76	3398.05	3306.91	3372.60	208990330	227211132928.000
07/27/2009	3377.72	3435.93	3376.29	3435.21	212417288	243420495872.000
07/28/2009	3434.32	3439.92	3392.43	3438.37	218790299	246796976128.000
07/29/2009	3419.99	3454.02	3174.21	3266.43	303175371	302820589568.000
07/30/2009	3281.20	3336.64	3215.75	3321.56	228951290	226591752192.000
07/31/2009	3354.68	3414.15	3333.72	3412.06	212759397	228121247744.000
08/03/2009	3429.69	3465.17	3398.45	3462.59	218302354	240142925824.000
08/04/2009	3477.11	3478.01	3404.82	3471.44	230009108	255343591424.000
08/05/2009	3467.05	3468.10	3385.42	3428.50	223497078	245403320320.000
08/06/2009	3401.48	3419.74	3309.61	3356.33	196388107	221496000512.000
08/07/2009	3352.66	3374.46	3244.10	3260.69	175290609	189646880768.000
08/10/2009	3287.76	3307.89	3201.06	3249.76	146781023	157350690816.000
08/11/2009	3261.41	3273.02	3222.71	3264.73	119804319	126058643456.000
08/12/2009	3255.99	3255.99	3104.56	3112.72	160388037	162700525568.000
08/13/2009	3112.57	3150.36	3060.12	3140.56	141992895	143513976832.000
08/14/2009	3138.15	3146.00	3039.30	3046.97	148469284	150832480256.000
08/17/2009	2994.87	3020.26	2867.39	2870.63	156815115	143692333056.000
08/18/2009	2845.33	2920.64	2827.11	2910.88	134994685	123230461952.000
08/19/2009	2916.09	2929.06	2761.40	2785.58	140576796	127217909760.000
08/20/2009	2798.37	2914.64	2798.37	2911.58	134285688	126680375296.000
08/21/2009	2905.05	2969.52	2883.27	2960.77	154424035	143164162048.000
08/24/2009	2982.19	3004.90	2944.92	2993.43	137241151	141593133056.000
08/25/2009	2980.10	2980.10	2823.64	2915.80	169038785	165212930048.000
08/26/2009	2889.74	2995.80	2872.26	2967.59	148017497	147103907840.000
08/27/2009	2947.83	2988.03	2909.89	2946.40	157879301	149627813888.000
08/28/2009	2938.42	2949.43	2843.11	2860.69	142735579	137472753664.000
08/31/2009	2817.63	2817.63	2663.00	2667.75	139685050	128345219072.000
09/01/2009	2649.17	2727.08	2639.76	2683.72	119251440	105567608832.000
09/02/2009	2681.33	2729.71	2669.22	2714.97	102232434	91385880576.000
09/03/2009	2722.30	2854.16	2715.62	2845.02	150218174	142565130240.000
09/04/2009	2841.17	2875.98	2827.58	2861.61	147887352	145854660608.000
09/07/2009	2877.62	2919.35	2860.00	2881.12	150735188	150286876672.000
09/08/2009	2865.70	2931.23	2831.85	2930.48	148083061	152212160512.000
09/09/2009	2944.17	2962.29	2900.11	2946.26	148905654	156579758080.000
09/10/2009	2934.96	2958.95	2911.21	2924.88	117502192	119176585216.000
09/11/2009	2917.19	2999.33	2915.90	2989.79	141734122	141400768512.000
09/14/2009	2990.93	3033.08	2984.83	3026.74	159188293	160014417920.000
09/15/2009	3029.10	3050.43	2999.43	3033.73	159377683	162967371776.000
09/16/2009	3027.51	3028.56	2960.59	2999.71	164738362	171562926080.000
09/17/2009	3015.59	3064.23	3015.59	3060.26	176860014	181236170752.000
09/18/2009	3063.31	3068.03	2940.83	2962.67	186678059	184961875968.000
09/21/2009	2937.93	2968.70	2871.65	2967.01	159010147	149654568960.000
09/22/2009	2956.13	2982.90	2896.94	2897.55	142937276	141099270144.000
09/23/2009	2897.81	2924.20	2825.86	2842.72	121360635	119331430400.000
09/24/2009	2824.58	2886.26	2783.11	2853.55	120039005	114126110720.000
09/25/2009	2836.70	2864.07	2812.92	2838.84	88104595	83486932992.000
09/28/2009	2844.37	2857.95	2752.77	2763.52	81369723	77242867712.000
09/29/2009	2763.76	2779.69	2712.30	2754.54	86854612	76708642816.000
09/30/2009	2772.57	2803.86	2763.71	2779.43	75094450	70037258240.000
10/09/2009	2840.13	2912.55	2834.62	2911.72	97067211	95242665984.000
10/12/2009	2927.02	2932.08	2893.57	2894.48	99798716	102000107520.000
10/13/2009	2889.79	2937.82	2886.96	2936.19	90101106	90407895040.000
10/14/2009	2945.67	3010.61	2943.74	2970.53	147615330	144803119104.000
10/15/2009	2994.89	3014.26	2967.11	2979.79	113940267	113218428928.000
10/16/2009	2992.75	3008.18	2931.92	2976.63	105658434	107286978560.000
10/19/2009	2974.64	3039.60	2962.31	3038.27	134983043	143382380544.000
10/20/2009	3062.55	3084.94	3053.64	3084.45	161398115	170665508864.000
10/21/2009	3080.52	3105.51	3062.56	3070.59	150078257	157882990592.000
10/22/2009	3068.68	3080.66	3045.03	3051.41	115141913	121943384064.000
10/23/2009	3057.39	3123.46	3057.39	3107.85	154020439	160256475136.000
10/26/2009	3114.29	3123.36	3083.18	3109.57	126916695	133732409344.000
10/27/2009	3086.09	3086.09	3020.49	3021.46	143799249	143765880832.000
10/28/2009	3014.18	3038.06	2974.26	3031.33	121347041	117980282880.000
10/29/2009	2975.20	2993.44	2952.01	2960.47	125412214	119998873600.000
10/30/2009	3007.25	3027.13	2983.93	2995.85	119313137	120086634496.000
11/02/2009	2933.82	3077.91	2923.52	3076.65	157185573	158645977088.000
11/03/2009	3085.74	3121.20	3078.94	3114.23	166580446	173470744576.000
11/04/2009	3119.31	3141.45	3096.35	3128.54	161404086	166997311488.000
11/05/2009	3133.50	3158.72	3122.52	3155.05	158261311	157770137600.000
11/06/2009	3176.14	3183.57	3156.99	3164.04	178199548	183886888960.000
11/09/2009	3162.15	3176.66	3141.77	3175.58	151529824	161118339072.000
11/10/2009	3203.17	3211.10	3176.25	3178.61	153401892	165199495168.000
11/11/2009	3176.31	3186.59	3149.07	3175.19	137875482	146643075072.000
11/12/2009	3181.46	3199.87	3163.08	3172.95	148659128	154549321728.000
11/13/2009	3164.65	3189.09	3127.50	3187.65	167126733	168500871168.000
11/16/2009	3206.43	3275.55	3206.43	3275.05	217640151	231615381504.000
11/17/2009	3291.04	3298.38	3275.30	3282.89	180125148	197604638720.000
11/18/2009	3287.26	3315.87	3274.21	3303.23	169464797	183665131520.000
11/19/2009	3311.19	3329.03	3285.80	3320.61	192477589	198263635968.000
11/20/2009	3309.38	3332.53	3280.18	3308.35	186993958	202817568768.000
11/23/2009	3312.97	3339.30	3305.50	3338.66	178645302	205482786816.000
11/24/2009	3352.22	3361.39	3214.03	3223.53	272142074	295137214464.000
11/25/2009	3214.81	3291.17	3188.02	3290.17	209369383	222150787072.000
11/26/2009	3296.01	3305.33	3160.35	3170.98	240592473	259123101696.000
11/27/2009	3137.30	3169.75	3080.89	3096.26	170088211	176066297856.000
11/30/2009	3114.29	3195.88	3114.29	3195.30	156491852	163776495616.000
12/01/2009	3191.06	3240.66	3173.42	3235.36	183184633	194723561472.000
12/02/2009	3252.98	3278.27	3245.96	3269.75	189209476	206787985408.000
12/03/2009	3268.00	3270.37	3227.77	3264.63	170458800	191423922176.000
12/04/2009	3256.61	3319.13	3214.84	3317.04	243137888	263158022144.000
12/07/2009	3313.06	3334.01	3302.13	3331.90	157473122	175696068608.000
12/08/2009	3330.33	3330.38	3260.67	3296.66	153232557	166065160192.000
12/09/2009	3258.00	3284.65	3228.20	3239.57	129467596	139285970944.000
12/10/2009	3258.35	3276.13	3225.56	3254.26	105610143	115025215488.000
12/11/2009	3260.45	3280.94	3242.37	3247.32	103129003	109995704320.000
12/14/2009	3246.95	3315.03	3178.23	3302.90	139662238	143874719744.000
12/15/2009	3283.60	3303.18	3267.94	3274.46	116372708	128944832512.000
12/16/2009	3262.86	3299.33	3246.61	3255.21	116058229	125727440896.000
12/17/2009	3261.61	3272.98	3176.63	3179.08	119382283	126605213696.000
12/18/2009	3154.81	3169.58	3108.03	3113.89	113626420	118903316480.000
12/21/2009	3108.07	3123.99	3088.00	3122.97	86047283	92492021760.000
12/22/2009	3126.61	3129.31	3039.86	3050.52	96817288	101680988160.000
12/23/2009	3048.20	3078.84	3041.35	3073.78	90495804	92940558336.000
12/24/2009	3080.87	3156.53	3075.11	3153.41	118410976	126387109888.000
12/25/2009	3149.23	3154.77	3128.15	3141.35	92991117	103124148224.000
12/28/2009	3148.86	3202.09	3148.86	3188.78	103142589	112776953856.000
12/29/2009	3190.17	3212.52	3166.76	3211.76	111437670	118827794432.000
12/30/2009	3211.83	3267.00	3206.22	3262.60	154267502	162894413824.000
12/31/2009	3265.00	3282.21	3250.03	3277.14	133111853	142323580928.000
01/04/2010	3289.75	3295.28	3243.32	3243.76	122446260	136464146432.000
01/05/2010	3254.47	3290.51	3221.46	3282.18	142274964	165339381760.000
01/06/2010	3277.52	3295.87	3253.04	3254.22	135131302	160284426240.000
01/07/2010	3253.99	3268.82	3176.71	3192.78	145228704	160533823488.000
01/08/2010	3177.26	3198.92	3149.02	3196.00	114602542	124813623296.000
01/11/2010	3301.61	3306.75	3197.33	3212.75	161502183	182514876416.000
01/12/2010	3205.71	3275.20	3180.08	3273.97	159128745	177844224000.000
01/13/2010	3204.98	3232.82	3165.49	3172.66	185213143	202360602624.000
01/14/2010	3183.38	3219.02	3165.60	3215.55	151986663	171208540160.000
01/15/2010	3217.19	3241.81	3197.22	3224.15	131414090	153643335680.000
01/18/2010	3213.64	3238.24	3202.21	3237.10	145703541	171726454784.000
01/19/2010	3242.22	3268.81	3236.84	3246.87	144950163	165774835712.000
01/20/2010	3252.04	3255.13	3148.33	3151.85	172555631	195394207744.000
01/21/2010	3154.19	3176.15	3126.90	3158.86	132639666	145694261248.000
01/22/2010	3118.72	3147.83	3062.63	3128.59	156427044	167218413568.000
01/25/2010	3103.32	3137.00	3092.93	3094.41	93994068	98070519808.000
01/26/2010	3094.85	3107.20	3001.96	3019.39	109494648	112348086272.000
01/27/2010	3020.54	3028.65	2972.63	2986.61	93150252	93409853440.000
01/28/2010	2985.21	3006.04	2963.89	2994.14	85167126	87828856832.000
01/29/2010	2979.74	3024.85	2968.45	2989.29	91271121	97625178112.000
02/01/2010	2981.37	2981.37	2912.89	2941.36	100564350	105912139776.000
02/02/2010	2955.75	2990.75	2930.56	2934.71	93734933	99637895168.000
02/03/2010	2945.03	3005.13	2890.02	3003.83	119005326	122261766144.000
02/04/2010	2983.05	3015.13	2968.68	2995.31	111441894	116737007616.000
02/05/2010	2936.20	2959.23	2918.91	2939.40	107746152	112754032640.000
02/08/2010	2936.45	2954.27	2922.19	2935.17	68452323	74134929408.000
02/09/2010	2932.09	2957.47	2929.21	2948.84	69093618	69304770560.000
02/10/2010	2967.14	2983.18	2958.22	2982.50	62322403	68177453056.000
02/11/2010	2985.08	3001.64	2976.08	2985.50	62462059	65796304896.000
02/12/2010	2996.09	3018.86	2993.44	3018.13	60694995	67723890688.000
02/22/2010	3016.70	3026.66	3002.81	3003.40	75193873	79980085248.000
02/23/2010	2998.91	2998.91	2938.75	2982.57	89011528	99815440384.000
02/24/2010	2964.98	3023.74	2955.07	3022.18	99625941	106781057024.000
02/25/2010	3026.66	3063.00	3022.37	3060.62	130544489	140960595968.000
02/26/2010	3053.50	3067.52	3041.69	3051.94	109599886	122741448704.000
03/01/2010	3057.01	3093.09	3054.55	3087.84	120949909	132858732544.000
03/02/2010	3089.71	3095.99	3060.96	3073.11	113653846	125959733248.000
03/03/2010	3074.10	3098.46	3061.47	3097.00	123134064	137578414080.000
03/04/2010	3098.07	3102.40	3016.22	3023.37	136744533	146744852480.000
03/05/2010	3026.64	3044.17	3011.09	3031.06	98280194	106750656512.000
03/08/2010	3036.42	3058.83	3030.91	3053.23	85598074	93590028288.000
03/09/2010	3053.26	3084.85	3028.69	3069.14	99564082	108844580864.000
03/10/2010	3067.15	3085.99	3034.74	3048.93	90553114	99858587648.000
03/11/2010	3050.64	3070.94	3025.31	3051.28	87850575	97785479168.000
03/12/2010	3051.47	3057.52	3011.97	3013.41	77895575	85619236864.000
03/15/2010	3010.72	3013.52	2963.49	2976.94	73318288	76588359680.000
03/16/2010	2974.49	2993.84	2963.44	2992.84	64986778	70928498688.000
03/17/2010	2999.81	3050.76	2994.89	3050.48	96339657	106714079232.000
03/18/2010	3053.16	3063.59	3035.02	3046.09	98192978	109864443904.000
03/19/2010	3046.75	3069.66	3031.02	3067.75	102391879	104729190400.000
03/22/2010	3069.66	3083.34	3061.76	3074.58	105968226	114941353984.000
03/23/2010	3076.96	3082.97	3051.21	3053.13	101281838	109922451456.000
03/24/2010	3058.93	3076.75	3052.21	3056.81	98158386	104740421632.000
03/25/2010	3051.36	3051.36	3012.31	3019.18	97324483	106404888576.000
03/26/2010	3017.22	3067.71	3009.91	3059.72	104093576	110540046336.000
03/29/2010	3076.05	3130.28	3071.69	3123.80	151903445	158427611136.000
03/30/2010	3123.83	3132.58	3113.77	3128.47	112628559	126808973312.000
03/31/2010	3129.57	3130.11	3101.76	3109.10	111534903	124511952896.000
04/01/2010	3111.94	3148.34	3111.94	3147.42	140784312	156081094656.000
04/02/2010	3154.77	3159.60	3141.87	3157.96	133339707	151580262400.000
04/06/2010	3170.61	3177.97	3141.93	3158.68	132234655	146262753280.000
04/07/2010	3156.31	3161.08	3132.24	3148.22	114137792	128495083520.000
04/08/2010	3143.45	3143.83	3110.26	3118.71	126899482	143865167872.000
04/09/2010	3118.93	3146.46	3114.79	3145.35	114165556	135452893184.000
04/12/2010	3151.89	3156.21	3111.90	3129.26	147730700	176520118272.000
04/13/2010	3129.69	3173.63	3101.48	3161.25	161433772	187820982272.000
04/14/2010	3161.55	3167.66	3145.55	3166.18	114888784	139342725120.000
04/15/2010	3168.14	3181.66	3135.99	3164.97	116473283	138487431168.000
04/16/2010	3159.67	3159.67	3121.37	3130.30	95126165	104799354880.000
04/19/2010	3096.78	3096.78	2977.77	2980.30	153147988	160088260608.000
04/20/2010	2980.08	2998.91	2941.35	2979.53	118165377	127159484416.000
04/21/2010	2984.62	3034.33	2972.10	3033.28	131151398	148225933312.000
04/22/2010	3021.29	3023.64	2978.46	2999.48	136997711	155532705792.000
04/23/2010	2995.57	3015.63	2966.78	2983.54	117602051	138032332800.000
04/26/2010	2988.08	2996.83	2965.83	2969.50	104096141	118656204800.000
04/27/2010	2962.15	2962.15	2866.34	2907.93	124398797	133424439296.000
04/28/2010	2883.17	2916.68	2865.47	2900.33	95519308	106520698880.000
04/29/2010	2912.20	2928.93	2867.94	2868.43	99942729	113842536448.000
04/30/2010	2867.65	2875.81	2820.95	2870.61	103631950	108077645824.000
05/04/2010	2821.35	2862.55	2809.13	2835.28	79010405	80475332608.000
05/05/2010	2804.51	2857.29	2770.33	2857.15	112685572	116421984256.000
05/06/2010	2838.95	2838.95	2735.00	2739.70	113710883	115810107392.000
05/07/2010	2685.99	2732.18	2665.81	2688.38	111599524	111011143680.000
05/10/2010	2690.86	2713.06	2646.59	2698.76	99885547	97794236416.000
05/11/2010	2745.60	2751.07	2638.53	2647.57	116181953	104271421440.000
05/12/2010	2628.02	2668.12	2604.20	2655.71	106781856	93549084672.000
05/13/2010	2653.58	2711.07	2646.90	2710.51	103204143	93473619968.000
05/14/2010	2692.10	2712.86	2677.19	2696.63	88118880	84334321664.000
05/17/2010	2663.88	2663.88	2557.24	2559.93	102158254	90516406272.000
05/18/2010	2555.14	2603.32	2529.63	2594.78	103796642	87281336320.000
05/19/2010	2581.63	2623.96	2554.98	2587.81	90466622	78977949696.000
05/20/2010	2571.54	2609.64	2551.45	2555.94	82742614	73910730752.000
05/21/2010	2492.57	2584.45	2481.97	2583.52	103033637	89265422336.000
05/24/2010	2596.32	2680.49	2596.32	2673.42	133321998	124403539968.000
05/25/2010	2654.36	2659.74	2609.09	2622.63	106011461	103243210752.000
05/26/2010	2620.85	2644.94	2610.51	2625.79	81570481	76555304960.000
05/27/2010	2615.10	2662.08	2583.55	2655.92	105685369	98495864832.000
05/28/2010	2680.40	2686.54	2641.41	2655.77	112506324	101415968768.000
05/31/2010	2647.87	2665.39	2591.53	2592.15	97390529	89185116160.000
06/01/2010	2577.76	2598.90	2534.27	2568.28	93289074	81840652288.000
06/02/2010	2548.54	2572.34	2521.06	2571.42	76092486	70990897152.000
06/03/2010	2575.77	2596.14	2551.53	2552.66	86990413	76458418176.000
06/04/2010	2536.23	2556.97	2527.87	2553.59	67027952	61720657920.000
06/07/2010	2508.33	2527.10	2491.66	2511.73	77361116	71384481792.000
06/08/2010	2510.08	2531.88	2491.65	2513.95	71810648	70326272000.000
06/09/2010	2523.88	2589.47	2501.12	2583.87	118099942	105209995264.000
06/10/2010	2561.55	2581.05	2554.79	2562.58	88318601	82079506432.000
06/11/2010	2574.90	2590.98	2566.62	2569.94	77718279	75181211648.000
06/17/2010	2588.97	2595.51	2559.72	2560.25	65401990	62786248704.000
06/18/2010	2556.60	2568.86	2505.33	2513.22	81520182	74230841344.000
06/21/2010	2517.29	2587.34	2504.31	2586.21	99521921	84003921920.000
06/22/2010	2579.63	2598.35	2572.96	2588.70	72428357	66888187904.000
06/23/2010	2576.34	2593.67	2546.52	2569.87	73981579	63488245760.000
06/24/2010	2563.64	2586.90	2554.34	2566.75	58237644	52107341824.000
06/25/2010	2556.54	2572.83	2534.27	2552.82	58477103	52749602816.000
06/28/2010	2550.65	2561.49	2528.39	2535.28	51436894	46192664576.000
06/29/2010	2534.50	2541.14	2425.93	2427.05	93473117	73376808960.000
06/30/2010	2409.54	2411.44	2382.36	2398.37	67271885	52558888960.000
07/01/2010	2393.95	2410.77	2371.78	2373.79	60830287	47582834688.000
07/02/2010	2371.32	2386.40	2319.74	2382.90	84619382	63295938560.000
07/05/2010	2358.76	2378.09	2335.57	2363.95	66879177	44746940416.000
07/06/2010	2358.28	2409.78	2356.55	2409.42	81002890	57628971008.000
07/07/2010	2407.67	2421.68	2392.57	2421.12	67152261	53658542080.000
07/08/2010	2429.68	2436.28	2402.00	2415.15	61164294	51353845760.000
07/09/2010	2416.58	2485.60	2398.68	2470.92	100721616	83453362176.000
07/12/2010	2468.54	2501.02	2455.81	2490.72	94617476	82893856768.000
07/13/2010	2468.69	2468.69	2439.24	2450.29	77640233	64591683584.000
07/14/2010	2456.10	2494.59	2456.10	2470.44	82805377	71385260032.000
07/15/2010	2465.99	2487.24	2423.65	2424.30	117510322	73453322240.000
07/16/2010	2414.68	2428.46	2389.07	2424.27	80934150	56986935296.000
07/19/2010	2399.58	2484.19	2392.27	2475.42	105709765	81159970816.000
07/20/2010	2477.75	2530.33	2477.46	2528.73	132382407	113278976000.000
07/21/2010	2529.62	2553.45	2520.15	2535.39	125845262	107158831104.000
07/22/2010	2525.98	2563.24	2522.20	2562.41	116699864	97057193984.000
07/23/2010	2566.85	2579.52	2549.24	2572.03	125865113	102633529344.000
07/26/2010	2576.37	2589.48	2556.47	2588.68	104540608	89753591808.000
07/27/2010	2581.59	2588.00	2565.64	2575.37	99031008	86319177728.000
07/28/2010	2574.32	2636.00	2564.16	2633.66	146193028	123955986432.000
07/29/2010	2635.05	2656.41	2623.94	2648.12	156572147	133051867136.000
07/30/2010	2642.85	2643.03	2614.73	2637.50	107066470	95401328640.000
08/02/2010	2635.81	2675.76	2633.65	2672.52	131925766	112156983296.000
08/03/2010	2678.79	2681.79	2626.72	2627.00	145598069	132380147712.000
08/04/2010	2620.50	2638.90	2589.99	2638.52	133762153	115185516544.000
08/05/2010	2636.24	2640.59	2606.62	2620.76	128048820	116955758592.000
08/06/2010	2618.71	2659.41	2598.91	2658.39	134772714	124990824448.000
08/09/2010	2656.36	2676.09	2650.40	2672.53	137100459	128442892288.000
08/10/2010	2672.79	2675.31	2594.34	2595.27	141535687	131287285760.000
08/11/2010	2587.61	2618.45	2586.02	2607.50	100286699	90162544640.000
08/12/2010	2584.92	2608.76	2570.96	2575.48	106481034	97353187328.000
08/13/2010	2576.69	2607.03	2564.84	2606.70	99461717	92588507136.000
08/16/2010	2603.79	2665.31	2596.77	2661.71	140100013	132298571776.000
08/17/2010	2663.18	2677.57	2654.01	2671.89	133731067	129954709504.000
08/18/2010	2674.50	2687.76	2654.41	2666.30	149040315	130297298944.000
08/19/2010	2669.43	2701.93	2659.30	2687.98	143211372	134944219136.000
08/20/2010	2677.02	2683.29	2636.91	2642.31	133844304	121635749888.000
08/23/2010	2637.82	2656.12	2629.71	2639.37	97571923	92616466432.000
08/24/2010	2636.53	2667.17	2614.56	2650.31	123896078	108055461888.000
08/25/2010	2634.95	2645.50	2595.73	2596.58	122661110	109756227584.000
08/26/2010	2604.88	2616.96	2590.61	2603.48	89344083	82918244352.000
08/27/2010	2602.50	2613.49	2588.64	2610.74	76986973	75938496512.000
08/30/2010	2622.27	2656.35	2620.19	2652.66	123486988	122287529984.000
08/31/2010	2644.79	2647.25	2626.79	2638.80	119586757	125726466048.000
09/01/2010	2641.05	2662.88	2604.49	2622.88	146411847	140401836032.000
09/02/2010	2646.89	2659.98	2636.42	2655.78	134796040	143355281408.000
09/03/2010	2658.13	2660.54	2631.85	2655.39	139408992	147162251264.000
09/06/2010	2667.20	2698.60	2664.24	2696.25	160113842	162059878400.000
09/07/2010	2698.22	2704.93	2679.02	2698.36	122360269	124792127488.000
09/08/2010	2687.71	2695.84	2674.32	2695.29	121039753	131883130880.000
09/09/2010	2698.64	2698.64	2651.60	2656.35	143897600	157340008448.000
09/10/2010	2657.24	2667.84	2628.83	2663.21	127547302	135542571008.000
09/13/2010	2665.66	2696.67	2660.61	2688.32	131056020	142229553152.000
09/14/2010	2694.07	2703.78	2678.97	2688.52	131193840	142244904960.000
09/15/2010	2688.39	2688.49	2645.86	2652.50	131545383	139548196864.000
09/16/2010	2646.92	2653.27	2583.34	2602.47	132904630	129965547520.000
09/17/2010	2607.55	2615.08	2592.53	2598.69	91459003	95490260992.000
09/20/2010	2601.48	2607.35	2573.63	2588.71	87931329	90694819840.000
09/21/2010	2593.76	2601.10	2580.18	2591.55	63513973	66941636608.000
09/27/2010	2600.54	2629.04	2597.14	2627.97	85235163	91411193856.000
09/28/2010	2625.33	2625.33	2607.02	2611.35	105640579	116434239488.000
09/29/2010	2608.92	2634.12	2603.93	2610.68	94705134	106652065792.000
09/30/2010	2599.72	2656.00	2597.60	2655.66	99965653	108229115904.000
10/08/2010	2681.25	2747.80	2677.99	2738.74	154842792	170309713920.000
10/11/2010	2755.03	2823.60	2755.03	2806.94	234107302	257132150784.000
10/12/2010	2795.76	2843.43	2782.34	2841.41	183345099	214009315328.000
10/13/2010	2842.14	2862.03	2826.22	2861.36	204856265	231006109696.000
10/14/2010	2881.55	2919.41	2864.52	2879.64	252315867	268050890752.000
10/15/2010	2863.74	2971.16	2858.22	2971.16	270345644	277649457152.000
10/18/2010	2985.46	3026.10	2944.72	2955.23	313731778	307579420672.000
10/19/2010	2949.63	3002.37	2931.91	3001.85	200031343	203737612288.000
10/20/2010	2947.51	3041.15	2942.50	3003.95	248942325	267939020800.000
10/21/2010	3009.23	3018.24	2958.55	2983.53	184194818	208327999488.000
10/22/2010	2976.75	2997.62	2954.62	2975.04	164470069	197210079232.000
10/25/2010	2979.71	3051.54	2959.30	3051.42	215013384	254642405376.000
10/26/2010	3065.84	3073.38	3017.82	3041.54	218718676	263036665856.000
10/27/2010	3031.65	3056.40	2988.87	2997.05	200359640	233282994176.000
10/28/2010	2989.29	3007.01	2969.30	2992.58	163821966	188158951424.000
10/29/2010	2993.30	2996.77	2955.48	2978.83	169299934	197660704768.000
11/01/2010	2986.89	3054.05	2986.89	3054.02	212136776	253939204096.000
11/02/2010	3061.63	3089.57	3029.32	3045.43	247101256	309231124480.000
11/03/2010	3044.02	3069.07	3017.10	3030.99	212275690	247261790208.000
11/04/2010	3035.37	3087.42	3035.37	3086.94	196342867	230744375296.000
11/05/2010	3129.87	3142.59	3105.92	3129.50	227970097	275354320896.000
11/08/2010	3140.40	3160.70	3124.09	3159.51	223699939	261671583744.000
11/09/2010	3159.02	3159.02	3110.34	3135.00	210097603	250331971584.000
11/10/2010	3120.44	3124.26	3093.88	3115.36	204678936	251614150656.000
11/11/2010	3108.51	3186.72	3102.77	3147.74	235039423	290302033920.000
11/12/2010	3121.92	3150.15	2975.16	2985.44	275732636	303388196864.000
11/15/2010	2984.87	3016.13	2939.68	3014.41	182643164	200616001536.000
11/16/2010	3007.64	3007.64	2885.75	2894.54	202748649	225428537344.000
11/17/2010	2852.48	2891.05	2824.12	2838.86	150755557	162051637248.000
11/18/2010	2855.60	2873.70	2827.18	2865.45	128359873	130717966336.000
11/19/2010	2879.66	2888.75	2806.64	2888.57	151705030	158924800000.000
11/22/2010	2861.61	2904.97	2852.77	2884.37	149004432	165210783744.000
11/23/2010	2872.17	2872.17	2791.58	2828.28	138528668	147786465280.000
11/24/2010	2794.86	2861.49	2794.86	2859.94	138859441	150474817536.000
11/25/2010	2875.86	2901.68	2856.96	2898.26	150993379	169509027840.000
11/26/2010	2890.29	2894.42	2851.96	2871.70	124679931	145357275136.000
11/29/2010	2861.15	2878.83	2841.79	2866.36	115034138	135520182272.000
11/30/2010	2863.41	2881.16	2758.92	2820.18	164585303	176139042816.000
12/01/2010	2810.54	2834.20	2795.81	2823.45	93095696	105726959616.000
12/02/2010	2860.46	2870.81	2841.47	2843.61	115736917	133725143040.000
12/03/2010	2846.73	2853.40	2822.74	2842.43	96481075	107496554496.000
12/06/2010	2850.38	2871.41	2831.70	2857.18	103928537	112639049728.000
12/07/2010	2843.77	2884.53	2809.11	2875.86	101184182	113049059328.000
12/08/2010	2868.73	2880.56	2843.94	2848.55	99224980	111757533184.000
12/09/2010	2837.61	2854.70	2808.51	2810.95	104740660	109956661248.000
12/10/2010	2798.74	2850.42	2792.52	2841.04	92410224	99589226496.000
12/13/2010	2850.32	2923.77	2847.66	2922.95	144036381	161839710208.000
12/14/2010	2928.30	2933.41	2912.42	2927.08	132789463	154467745792.000
12/15/2010	2927.26	2939.05	2905.65	2911.41	121115585	144768040960.000
12/16/2010	2908.86	2921.27	2891.86	2898.14	95086936	110768857088.000
12/17/2010	2896.77	2898.81	2881.00	2893.74	81044838	94717992960.000
12/20/2010	2901.47	2911.56	2804.56	2852.92	133646239	148829650944.000
12/21/2010	2857.59	2908.17	2846.63	2904.11	126443460	138778656768.000
12/22/2010	2910.73	2917.20	2867.05	2877.90	111527796	127590596608.000
12/23/2010	2874.20	2893.71	2849.84	2855.22	101062518	110854176768.000
12/24/2010	2841.35	2853.49	2813.50	2835.16	94833605	97556463616.000
12/27/2010	2842.81	2876.81	2774.54	2781.40	113573302	125178019840.000
12/28/2010	2768.03	2775.15	2730.41	2732.99	99402208	98704146432.000
12/29/2010	2735.48	2753.02	2721.48	2751.53	73072702	77247209472.000
12/30/2010	2751.97	2768.13	2724.54	2759.57	83045226	87203594240.000
12/31/2010	2759.16	2808.93	2758.13	2808.08	94574606	109728227328.000
01/04/2011	2825.33	2855.40	2810.11	2852.65	122603786	147099287552.000
01/05/2011	2833.12	2850.49	2824.30	2838.59	115080018	136605556736.000
01/06/2011	2838.44	2853.88	2816.95	2824.20	93262308	114393079808.000
01/07/2011	2820.67	2868.00	2807.87	2838.80	130892453	139308482560.000
01/10/2011	2832.62	2847.36	2786.86	2791.81	102350530	112231858176.000
01/11/2011	2783.48	2810.76	2770.34	2804.05	91000762	95790473216.000
01/12/2011	2811.78	2828.47	2788.13	2821.30	88306879	89286860800.000
01/13/2011	2830.53	2837.53	2810.87	2827.71	82491775	88898904064.000
01/14/2011	2817.05	2817.05	2780.44	2791.34	84545719	91633254400.000
01/17/2011	2772.45	2780.94	2698.78	2706.66	108833417	106820714496.000
01/18/2011	2696.15	2715.41	2683.37	2708.98	69954664	68839817216.000
01/19/2011	2707.82	2759.60	2700.81	2758.10	88787874	90985005056.000
01/20/2011	2752.80	2752.80	2676.13	2677.65	96939735	96876167168.000
01/21/2011	2668.68	2746.18	2667.29	2715.29	110451978	104579031040.000
01/24/2011	2716.52	2736.11	2690.65	2695.72	97761295	97331437568.000
01/25/2011	2691.69	2701.04	2661.45	2677.43	79592282	76698460160.000
01/26/2011	2677.17	2710.74	2676.77	2708.81	67051842	68095148032.000
01/27/2011	2690.82	2753.00	2677.21	2749.15	117284234	116641243136.000
01/28/2011	2741.31	2759.44	2733.29	2752.75	91330388	99291856896.000
01/31/2011	2751.53	2790.92	2748.54	2790.69	98398465	107657560064.000
02/01/2011	2795.07	2805.05	2785.30	2798.96	78654505	90772496384.000
02/09/2011	2778.70	2804.21	2764.87	2774.06	95661046	105899646976.000
02/10/2011	2769.65	2819.06	2760.18	2818.16	106859974	118279651328.000
02/11/2011	2815.12	2835.41	2807.60	2827.33	116818537	128777969664.000
02/14/2011	2828.57	2906.26	2828.57	2899.13	171236743	182199173120.000
02/15/2011	2900.43	2934.47	2892.64	2899.24	168122251	189514072064.000
02/16/2011	2893.68	2924.19	2882.55	2923.90	139229772	161636286464.000
02/17/2011	2929.25	2939.28	2905.03	2926.96	141037735	170609098752.000
02/18/2011	2924.23	2924.23	2890.26	2899.79	124413192	143486877696.000
02/21/2011	2886.54	2932.82	2884.19	2932.25	130003748	147746553856.000
02/22/2011	2941.32	2944.41	2851.62	2855.52	171422414	194421161984.000
02/23/2011	2844.99	2868.48	2839.20	2862.63	120439995	138999595008.000
02/24/2011	2861.39	2881.54	2854.56	2878.60	119196731	138582360064.000
02/25/2011	2876.78	2890.32	2848.65	2878.56	109603082	125575315456.000
02/28/2011	2880.17	2906.17	2861.82	2905.05	127274935	149576318976.000
03/01/2011	2906.28	2931.58	2901.55	2918.92	148645028	173892157440.000
03/02/2011	2905.51	2924.96	2883.57	2913.81	144173382	167054180352.000
03/03/2011	2918.73	2937.56	2900.76	2902.98	164828973	179827998720.000
03/04/2011	2902.19	2944.46	2898.08	2942.31	129271958	146052792320.000
03/07/2011	2952.72	3000.43	2952.72	2996.21	177510040	210234769408.000
03/08/2011	2996.73	3001.62	2976.60	2999.94	137269607	170430955520.000
03/09/2011	3002.55	3012.04	2989.34	3002.15	135053915	166821396480.000
03/10/2011	2995.77	2995.77	2954.37	2957.14	135238994	168228782080.000
03/11/2011	2942.42	2966.98	2927.68	2933.80	127845915	154274938880.000
03/14/2011	2923.98	2939.65	2914.46	2937.63	125582010	153795985408.000
03/15/2011	2927.98	2927.98	2850.95	2896.26	172272612	189815701504.000
03/16/2011	2894.25	2934.02	2894.25	2930.80	140044614	167171293184.000
03/17/2011	2906.96	2935.63	2885.65	2897.30	147421746	171981078528.000
03/18/2011	2920.81	2930.61	2900.87	2906.89	107808469	128490897408.000
03/21/2011	2913.91	2927.07	2895.15	2909.14	105097982	123623440384.000
03/22/2011	2917.69	2923.39	2884.75	2919.14	106469168	121852993536.000
03/23/2011	2919.02	2950.42	2911.63	2948.48	122810342	139787780096.000
03/24/2011	2949.85	2958.66	2942.13	2946.71	116307680	138238558208.000
03/25/2011	2948.54	2985.08	2946.70	2977.81	153205493	173562363904.000
03/28/2011	2985.36	3005.78	2979.20	2984.00	169306069	198231261184.000
03/29/2011	2979.86	2994.17	2953.54	2958.08	180640107	201697280000.000
03/30/2011	2955.45	2968.18	2935.75	2955.77	139370046	154444988416.000
03/31/2011	2954.65	2961.63	2914.38	2928.11	116767620	135660912640.000
04/01/2011	2932.48	2967.85	2924.39	2967.41	110219751	127272837120.000
04/06/2011	2964.21	3005.24	2963.90	3001.36	156718414	178704629760.000
04/07/2011	3003.20	3012.29	2990.31	3007.91	133886713	154311131136.000
04/08/2011	3005.37	3031.10	2998.34	3030.02	123817025	148542341120.000
04/11/2011	3037.91	3059.57	3019.89	3022.75	158087448	184386568192.000
04/12/2011	3012.79	3039.12	3003.45	3021.37	157956281	167117832192.000
04/13/2011	3006.83	3050.40	2994.47	3050.40	138585678	148905771008.000
04/14/2011	3049.67	3058.24	3036.73	3042.64	140801851	150275932160.000
04/15/2011	3036.34	3062.53	3020.16	3050.53	141741926	150697164800.000
04/18/2011	3040.53	3067.46	3037.19	3057.33	150764093	162870640640.000
04/19/2011	3038.81	3038.81	2996.22	2999.04	153485258	167927742464.000
04/20/2011	3005.98	3019.12	2992.67	3007.04	128317167	144904617984.000
04/21/2011	3021.77	3035.47	3012.54	3026.67	128332496	148319436800.000
04/22/2011	3025.70	3032.97	3004.47	3010.52	124375145	138236018688.000
04/25/2011	3003.03	3003.61	2964.64	2964.95	128284888	142058225664.000
04/26/2011	2956.95	2970.28	2931.50	2938.98	106497504	113890836480.000
04/27/2011	2946.33	2961.13	2907.66	2925.41	116709578	116293386240.000
04/28/2011	2937.95	2953.19	2884.84	2887.04	121275676	117862817792.000
04/29/2011	2886.63	2913.56	2871.01	2911.51	101989391	95097004032.000
05/03/2011	2911.51	2933.46	2890.23	2932.19	108343988	104159657984.000
05/04/2011	2916.84	2916.97	2860.07	2866.02	124379051	126914650112.000
05/05/2011	2854.77	2880.13	2849.91	2872.40	98861012	99921805312.000
05/06/2011	2842.76	2881.71	2834.46	2863.89	102577116	106606075904.000
05/09/2011	2868.24	2885.18	2861.42	2872.46	87632168	94783381504.000
05/10/2011	2876.98	2891.03	2865.10	2890.63	87583240	96995082240.000
05/11/2011	2890.35	2897.14	2868.35	2883.42	97584234	107788017664.000
05/12/2011	2864.98	2876.45	2843.10	2844.08	106428484	115013320704.000
05/13/2011	2846.31	2871.99	2832.25	2871.03	103797662	105286844416.000
05/16/2011	2864.38	2877.09	2846.31	2849.07	91146871	96655507456.000
05/17/2011	2846.45	2869.23	2821.20	2852.77	102872165	110882775040.000
05/18/2011	2846.73	2877.43	2843.68	2872.77	83814176	91304460288.000
05/19/2011	2879.39	2884.14	2856.83	2859.57	83407241	92002295808.000
05/20/2011	2858.31	2866.76	2850.45	2858.46	75151421	84605231104.000
05/23/2011	2853.29	2853.29	2771.12	2774.57	107910958	112663347200.000
05/24/2011	2766.06	2771.75	2744.78	2767.06	82556845	89829720064.000
05/25/2011	2764.56	2771.18	2737.33	2741.74	80872913	87059824640.000
05/26/2011	2755.39	2764.89	2734.54	2736.53	86296156	93521297408.000
05/27/2011	2739.39	2746.84	2708.55	2709.95	93607904	93187325952.000
05/30/2011	2704.49	2728.06	2689.21	2706.36	73811397	72145698816.000
05/31/2011	2707.56	2744.93	2702.09	2743.47	78432043	79055486976.000
06/01/2011	2737.06	2744.56	2726.50	2743.57	79444360	78783373312.000
06/02/2011	2715.32	2728.00	2676.54	2705.18	96806564	95553929216.000
06/03/2011	2701.77	2732.43	2701.25	2728.02	74710689	79125315584.000
06/07/2011	2720.97	2745.77	2717.31	2744.30	71784301	79913369600.000
06/08/2011	2742.04	2754.12	2715.25	2750.29	80551647	88231337984.000
06/09/2011	2743.54	2747.33	2702.70	2703.34	88705414	95853101056.000
06/10/2011	2696.13	2707.74	2672.32	2705.14	79638863	83971416064.000
06/13/2011	2687.65	2703.42	2669.40	2700.38	69760572	74062381056.000
06/14/2011	2696.22	2735.55	2691.67	2730.04	89853815	96063504384.000
06/15/2011	2717.68	2730.48	2705.07	2705.43	79347958	86069469184.000
06/16/2011	2685.63	2691.94	2663.12	2664.28	76455594	77300768768.000
06/17/2011	2661.41	2675.03	2641.39	2642.82	70244511	75238383616.000
06/20/2011	2635.83	2637.88	2610.99	2621.25	67629608	66141503488.000
06/21/2011	2628.02	2648.02	2618.81	2646.48	71564203	74109124608.000
06/22/2011	2648.53	2657.73	2633.47	2649.32	63745434	65344770048.000
06/23/2011	2640.66	2693.42	2630.34	2688.25	81092961	83468582912.000
06/24/2011	2678.05	2759.71	2674.30	2746.21	139445432	144335912960.000
06/27/2011	2746.79	2769.04	2743.50	2758.23	110150858	117141372928.000
06/28/2011	2759.71	2763.28	2736.40	2759.20	94974797	104902033408.000
06/29/2011	2757.40	2759.23	2727.25	2728.48	94571113	99758456832.000
06/30/2011	2729.99	2774.36	2729.99	2762.08	102322632	104379187200.000
07/01/2011	2767.83	2778.67	2752.97	2759.36	101893132	106444529664.000
07/04/2011	2770.94	2813.27	2770.94	2812.82	138419239	145547640832.000
07/05/2011	2812.72	2818.14	2799.11	2816.35	117236370	129553776640.000
07/06/2011	2811.81	2811.81	2780.73	2810.48	110007038	122990297088.000
07/07/2011	2813.19	2825.12	2793.89	2794.27	126737517	141310181376.000
07/08/2011	2797.03	2807.38	2784.13	2797.77	92237122	103601684480.000
07/11/2011	2789.45	2807.32	2780.67	2802.69	91836057	102142574592.000
07/12/2011	2783.72	2783.72	2752.19	2754.58	103674393	112393633792.000
07/13/2011	2756.03	2797.27	2756.03	2795.48	99659093	108678397952.000
07/14/2011	2798.21	2811.70	2788.98	2810.44	109687292	126290747392.000
07/15/2011	2803.58	2821.34	2794.16	2820.17	114861888	128574341120.000
07/18/2011	2821.36	2826.96	2807.11	2816.69	113465532	130225938432.000
07/19/2011	2804.92	2809.31	2790.69	2796.98	97197375	110702043136.000
07/20/2011	2810.44	2817.28	2779.38	2794.21	88551256	100294746112.000
07/21/2011	2795.90	2799.85	2763.42	2765.89	88746469	96644841472.000
07/22/2011	2769.86	2782.17	2763.80	2770.79	74461446	83016957952.000
07/25/2011	2759.63	2759.63	2680.75	2688.75	119399080	121759211520.000
07/26/2011	2685.75	2704.94	2677.12	2703.03	77855436	80052723712.000
07/27/2011	2690.14	2726.80	2680.43	2723.49	80407781	92082364416.000
07/28/2011	2701.77	2712.09	2684.66	2708.78	78474915	90451812352.000
07/29/2011	2706.50	2721.53	2681.27	2701.73	75471655	83784761344.000
08/01/2011	2697.57	2712.89	2688.53	2703.78	59000711	66073997312.000
08/02/2011	2689.97	2689.97	2651.28	2679.26	69993181	77994115072.000
08/03/2011	2659.12	2688.06	2654.36	2678.49	63981610	73381011456.000
08/04/2011	2683.19	2698.81	2675.53	2684.04	58872111	69338644480.000
08/05/2011	2620.28	2644.58	2605.14	2626.42	78571833	87777763328.000
08/08/2011	2599.29	2614.19	2497.92	2526.82	110302496	117550546944.000
08/09/2011	2468.03	2537.41	2437.68	2526.07	103723892	107745075200.000
08/10/2011	2562.39	2579.16	2544.95	2549.18	100369343	104038326272.000
08/11/2011	2508.86	2582.16	2505.01	2581.51	95597265	100089143296.000
08/12/2011	2593.40	2605.45	2585.85	2593.17	97171206	100034764800.000
08/15/2011	2598.14	2627.10	2584.41	2626.77	88676842	90997350400.000
08/16/2011	2627.85	2636.36	2601.50	2608.17	85226861	90247921664.000
08/17/2011	2603.96	2617.17	2596.04	2601.26	70109146	72200593408.000
08/18/2011	2601.99	2603.49	2556.86	2559.47	70989277	76087951360.000
08/19/2011	2519.65	2538.27	2513.75	2534.36	70606801	73771900928.000
08/22/2011	2534.57	2553.42	2507.78	2515.86	61214429	65524543488.000
08/23/2011	2524.88	2554.18	2514.95	2554.02	60944193	63210700800.000
08/24/2011	2562.41	2569.28	2536.26	2541.09	65462469	70690693120.000
08/25/2011	2546.40	2616.30	2545.05	2615.26	104537978	104570298368.000
08/26/2011	2602.21	2616.64	2593.24	2612.19	77850450	81503338496.000
08/29/2011	2595.47	2595.47	2570.84	2576.41	73696095	78406746112.000
08/30/2011	2592.60	2615.14	2563.69	2566.59	75910686	79541813248.000
08/31/2011	2566.53	2574.42	2545.10	2567.34	59169720	62236266496.000
09/01/2011	2569.80	2584.80	2547.85	2556.04	57290927	59881558016.000
09/02/2011	2551.56	2557.31	2517.62	2528.28	54436581	55969021952.000
09/05/2011	2510.10	2510.10	2478.20	2478.74	55031066	56402276352.000
09/06/2011	2465.56	2482.24	2459.54	2470.52	49223173	50140332032.000
09/07/2011	2480.94	2516.75	2475.22	2516.09	59665860	61951467520.000
09/08/2011	2523.96	2524.38	2498.11	2498.94	55271952	60046843904.000
09/09/2011	2506.97	2528.42	2487.15	2497.75	51253380	53535158272.000
09/13/2011	2467.73	2477.08	2453.80	2471.30	49930919	51851702272.000
09/14/2011	2478.59	2485.93	2439.37	2484.83	54065977	54761652224.000
09/15/2011	2482.86	2496.57	2477.65	2479.05	56003688	55860903936.000
09/16/2011	2490.18	2499.48	2475.76	2482.34	47986854	49584869376.000
09/19/2011	2469.60	2469.60	2437.17	2437.79	48746822	48599666688.000
09/20/2011	2433.72	2460.03	2426.70	2447.75	46265892	47956373504.000
09/21/2011	2450.12	2517.67	2438.85	2512.96	86689276	88188035072.000
09/22/2011	2491.21	2499.98	2442.46	2443.06	74695409	74891288576.000
09/23/2011	2411.83	2440.75	2400.14	2433.16	67302693	67947196416.000
09/26/2011	2416.23	2441.73	2384.64	2393.18	57425042	58915926016.000
09/27/2011	2410.99	2423.91	2395.16	2415.05	55231432	55315103744.000
09/28/2011	2427.29	2430.27	2383.40	2392.06	55758447	55720882176.000
09/29/2011	2378.42	2387.54	2358.57	2365.34	59191239	57021448192.000
09/30/2011	2368.40	2377.54	2348.22	2359.22	48818372	46104608768.000
10/10/2011	2363.08	2368.15	2338.69	2344.79	41745306	39926411264.000
10/11/2011	2401.74	2412.38	2323.41	2348.52	63975806	62773514240.000
10/12/2011	2335.49	2421.69	2318.63	2420.00	91508568	84438392832.000
10/13/2011	2412.83	2439.64	2406.28	2438.79	87860106	82192310272.000
10/14/2011	2429.89	2437.59	2409.29	2431.38	60673160	58276065280.000
10/17/2011	2434.49	2452.99	2424.73	2440.40	58267682	57704517632.000
10/18/2011	2423.28	2425.65	2378.67	2383.49	79525744	69338906624.000
10/19/2011	2387.83	2401.69	2374.42	2377.51	58534637	53173514240.000
10/20/2011	2365.91	2368.64	2315.90	2331.37	65425215	57867763712.000
10/21/2011	2330.51	2340.31	2313.78	2317.27	48436725	43725377536.000
10/24/2011	2322.02	2371.09	2307.15	2370.33	70874071	62971555840.000
10/25/2011	2366.40	2414.05	2357.39	2409.67	90888876	83635003392.000
10/26/2011	2398.19	2448.98	2394.73	2427.48	107447168	98578022400.000
10/27/2011	2432.47	2449.70	2426.31	2435.61	82408961	75098562560.000
10/28/2011	2462.08	2483.76	2456.18	2473.41	110032721	104186691584.000
10/31/2011	2470.25	2478.31	2455.21	2468.25	84172562	81783447552.000
11/01/2011	2450.33	2491.35	2445.53	2470.02	88892417	85052776448.000
11/02/2011	2437.87	2505.12	2433.72	2504.11	105468200	102082764800.000
11/03/2011	2510.84	2535.24	2507.30	2508.09	136576325	136305606656.000
11/04/2011	2525.24	2536.78	2512.90	2528.29	101873675	99981180928.000
11/07/2011	2518.90	2536.18	2507.61	2509.80	78867174	78893506560.000
11/08/2011	2514.26	2524.82	2500.02	2503.84	78672656	76914040832.000
11/09/2011	2512.59	2527.70	2489.02	2524.92	78208572	78141603840.000
11/10/2011	2498.59	2507.45	2478.14	2479.54	87111088	85463859200.000
11/11/2011	2483.96	2496.53	2472.76	2481.08	66137668	65005133824.000
11/14/2011	2498.67	2529.63	2496.33	2528.71	81229812	82523783168.000
11/15/2011	2525.95	2534.06	2518.70	2529.76	79227750	80497344512.000
11/16/2011	2529.07	2529.46	2456.86	2466.96	93382109	92396961792.000
11/17/2011	2467.70	2482.53	2459.17	2463.05	66414285	65902702592.000
11/18/2011	2448.39	2448.51	2411.04	2416.56	72180807	70566567936.000
11/21/2011	2416.73	2419.24	2396.09	2415.13	50170366	49511108608.000
11/22/2011	2400.98	2414.85	2387.83	2412.63	51443233	50689585152.000
11/23/2011	2415.20	2418.56	2390.65	2395.06	50547850	50043359232.000
11/24/2011	2379.15	2409.72	2370.70	2397.55	52154150	51411099648.000
11/25/2011	2393.33	2403.94	2372.62	2380.22	45362552	46246207488.000
11/28/2011	2383.89	2396.83	2372.16	2383.03	46064666	46414831616.000
11/29/2011	2398.99	2413.33	2388.20	2412.39	55123190	57068883968.000
11/30/2011	2406.33	2407.33	2319.44	2333.41	76611104	72215265280.000
12/01/2011	2392.49	2423.56	2376.92	2386.86	98650046	95200518144.000
12/02/2011	2374.90	2378.30	2344.85	2360.66	59868845	57320157184.000
12/05/2011	2363.11	2363.13	2327.61	2333.23	52214969	48641216512.000
12/06/2011	2326.66	2331.89	2310.16	2325.91	45917077	42625593344.000
12/07/2011	2325.56	2339.85	2317.81	2332.73	41570306	39767465984.000
12/08/2011	2329.91	2346.65	2302.64	2329.82	51473520	49219493888.000
12/09/2011	2315.51	2331.26	2309.46	2315.27	39988559	38885195776.000
12/12/2011	2312.15	2315.81	2290.26	2291.54	39632578	36516061184.000
12/13/2011	2283.22	2285.81	2245.87	2248.59	58627478	51593326592.000
12/14/2011	2241.39	2256.74	2224.73	2228.52	44079822	38621179904.000
12/15/2011	2215.79	2216.91	2179.47	2180.90	56712186	47305129984.000
12/16/2011	2179.51	2225.54	2170.75	2224.84	57265903	50568966144.000
12/19/2011	2208.07	2221.45	2164.89	2218.24	57818464	49717682176.000
12/20/2011	2209.70	2239.86	2206.52	2215.93	52761113	46564368384.000
12/21/2011	2230.18	2237.47	2188.71	2191.15	50877262	46125531136.000
12/22/2011	2178.57	2201.59	2149.42	2186.30	58986117	48023420928.000
12/23/2011	2183.91	2219.79	2178.14	2204.78	52421325	43478781952.000
12/26/2011	2193.66	2213.45	2186.07	2190.11	43613663	36403331072.000
12/27/2011	2186.71	2196.97	2162.72	2166.21	45712179	37400002560.000
12/28/2011	2157.65	2170.67	2134.02	2170.01	49633435	40007344128.000
12/29/2011	2161.18	2181.96	2157.11	2173.56	44749200	35989659648.000
12/30/2011	2177.52	2200.99	2177.52	2199.42	51943838	42698833920.000
01/04/2012	2212.00	2217.52	2168.64	2169.39	49245537	40632918016.000
01/05/2012	2160.90	2183.40	2145.56	2148.45	58743447	46603964416.000
01/06/2012	2148.15	2164.32	2132.63	2163.40	50583054	39465869312.000
01/09/2012	2164.74	2226.22	2148.45	2225.89	76759839	62132965376.000
01/10/2012	2221.83	2288.63	2218.27	2285.74	109585415	91045904384.000
01/11/2012	2282.91	2290.64	2265.19	2276.05	84441781	74264707072.000
01/12/2012	2268.74	2295.22	2265.26	2275.01	71569994	63945879552.000
01/13/2012	2277.08	2281.53	2225.74	2244.58	71474322	64030023680.000
01/16/2012	2230.43	2241.26	2206.04	2206.19	45859522	42884792320.000
01/17/2012	2206.53	2298.38	2196.12	2298.38	87803560	77406846976.000
01/18/2012	2298.83	2311.58	2257.90	2266.38	89940422	80655237120.000
01/19/2012	2266.08	2305.71	2259.34	2296.07	72498861	63886737408.000
01/20/2012	2300.50	2322.89	2293.89	2319.12	69922753	62906417152.000
01/30/2012	2324.49	2324.49	2284.29	2285.04	58413687	51868459008.000
01/31/2012	2285.95	2296.38	2277.06	2292.61	48738325	43777519616.000
02/01/2012	2288.07	2305.86	2263.34	2268.08	53553811	48554971136.000
02/02/2012	2273.85	2312.56	2268.69	2312.56	63471872	57682362368.000
02/03/2012	2306.66	2336.27	2300.98	2330.41	78943697	70249340928.000
02/06/2012	2334.25	2341.57	2317.42	2331.14	75734477	67305627648.000
02/07/2012	2319.42	2319.71	2278.82	2291.90	67326906	58091081728.000
02/08/2012	2291.81	2350.97	2286.82	2347.53	87114528	80885694464.000
02/09/2012	2344.22	2363.61	2333.94	2349.59	98032325	89658695680.000
02/10/2012	2342.01	2368.98	2339.89	2351.98	96501619	82222465024.000
02/13/2012	2332.05	2365.34	2325.03	2351.85	86263585	77715390464.000
02/14/2012	2348.88	2352.47	2332.25	2344.77	73130413	66294935552.000
02/15/2012	2340.46	2374.28	2335.10	2366.70	98861021	87632871424.000
02/16/2012	2363.90	2373.80	2342.07	2356.86	95051169	83758448640.000
02/17/2012	2366.63	2372.51	2344.76	2357.18	71924839	65121697792.000
02/20/2012	2383.69	2388.01	2362.01	2363.60	88911586	82306949120.000
02/21/2012	2365.49	2382.15	2345.05	2381.43	79348669	74538524672.000
02/22/2012	2380.50	2404.44	2374.03	2403.59	118684269	109092241408.000
02/23/2012	2401.74	2416.80	2396.71	2409.55	112553593	105469681664.000
02/24/2012	2410.88	2439.98	2405.27	2439.63	134903249	121550209024.000
02/27/2012	2447.41	2478.38	2444.63	2447.06	158073244	144685596672.000
02/28/2012	2440.91	2458.65	2431.83	2451.86	118361993	107000291328.000
02/29/2012	2446.23	2453.07	2426.33	2428.49	95536952	91908382720.000
03/01/2012	2418.79	2437.87	2418.33	2426.11	75083289	71067885568.000
03/02/2012	2430.10	2461.12	2430.10	2460.69	103228378	96453869568.000
03/05/2012	2464.85	2469.84	2442.11	2445.00	112693326	107604369408.000
03/06/2012	2439.78	2442.00	2406.06	2410.45	103709012	100674338816.000
03/07/2012	2391.20	2413.70	2388.52	2394.79	94790636	91730681856.000
03/08/2012	2401.10	2426.70	2401.10	2420.28	96782134	93410828288.000
03/09/2012	2425.89	2440.51	2414.97	2439.46	100624055	100411482112.000
03/12/2012	2438.55	2440.86	2420.84	2434.86	106223059	108158107648.000
03/13/2012	2432.84	2457.22	2428.61	2455.79	104649712	102576930816.000
03/14/2012	2464.92	2476.22	2382.84	2391.23	179786029	170736648192.000
03/15/2012	2388.06	2403.74	2366.02	2373.77	120025499	112260874240.000
03/16/2012	2377.76	2406.15	2368.31	2404.74	103675622	102406004736.000
03/19/2012	2401.22	2412.34	2383.67	2410.18	102153490	102981664768.000
03/20/2012	2407.54	2407.54	2376.03	2376.84	97903935	94620917760.000
03/21/2012	2384.71	2396.72	2361.22	2378.20	95686538	94949638144.000
03/22/2012	2376.99	2386.10	2364.13	2375.77	79348880	76900868096.000
03/23/2012	2369.08	2371.26	2342.12	2349.54	76862139	74138714112.000
03/26/2012	2349.09	2358.00	2339.14	2350.60	55427733	54051831808.000
03/27/2012	2358.54	2363.77	2344.30	2347.18	60881116	65159970816.000
03/28/2012	2341.00	2341.42	2281.43	2284.88	83645283	78231142400.000
03/29/2012	2276.74	2280.96	2242.34	2252.16	74248084	68018094080.000
03/30/2012	2256.04	2266.21	2246.25	2262.79	62024147	55962030080.000
04/05/2012	2258.03	2303.82	2251.39	2302.24	80101456	74602340352.000
04/06/2012	2299.05	2309.64	2291.56	2306.55	72136521	68863352832.000
04/09/2012	2300.05	2304.65	2284.44	2285.78	59760639	55129722880.000
04/10/2012	2281.02	2306.39	2258.85	2305.86	67345526	63133962240.000
04/11/2012	2286.72	2319.05	2280.03	2308.93	75130070	67516502016.000
04/12/2012	2310.48	2351.05	2307.84	2350.86	97687895	87315824640.000
04/13/2012	2351.51	2369.70	2346.94	2359.16	98774414	92321431552.000
04/16/2012	2346.31	2364.11	2342.20	2357.03	85322682	73752829952.000
04/17/2012	2355.37	2363.01	2333.34	2334.99	84688445	72470716416.000
04/18/2012	2341.14	2383.64	2337.86	2380.85	108612544	93123035136.000
04/19/2012	2378.63	2386.98	2369.46	2378.63	94272421	89960923136.000
04/20/2012	2374.66	2407.29	2372.13	2406.86	115522062	101772107776.000
04/23/2012	2403.52	2411.51	2383.07	2388.59	122907558	109412433920.000
04/24/2012	2380.24	2415.75	2350.40	2388.83	133722354	117494693888.000
04/25/2012	2382.21	2411.42	2376.63	2406.81	130972867	113070080000.000
04/26/2012	2408.56	2414.75	2393.26	2404.70	115529587	104823226368.000
04/27/2012	2402.43	2408.42	2393.87	2396.32	91228350	84016070656.000
05/02/2012	2421.08	2446.35	2407.79	2438.44	128006006	123975245824.000
05/03/2012	2433.59	2441.95	2427.73	2440.08	102248493	102185836544.000
05/04/2012	2437.47	2453.73	2427.97	2452.01	102204871	102378299392.000
05/07/2012	2441.76	2451.95	2432.74	2451.95	108830107	111395004416.000
05/08/2012	2451.57	2451.60	2431.02	2448.88	104855537	104969658368.000
05/09/2012	2432.47	2432.47	2407.51	2408.59	97902212	99521224704.000
05/10/2012	2409.95	2419.12	2402.20	2410.23	81698471	81054859264.000
05/11/2012	2406.07	2415.98	2393.38	2394.98	74863995	75815755776.000
05/14/2012	2408.26	2411.27	2377.98	2380.73	90526339	89364340736.000
05/15/2012	2367.08	2376.59	2354.61	2374.84	77922916	77334732800.000
05/16/2012	2369.29	2372.03	2344.50	2346.19	76733829	74181722112.000
05/17/2012	2347.18	2383.31	2342.35	2378.89	86870030	81458438144.000
05/18/2012	2364.90	2369.60	2338.24	2344.52	89689419	78956445696.000
05/21/2012	2343.58	2360.39	2330.32	2348.30	74840341	70052962304.000
05/22/2012	2355.73	2374.06	2354.87	2373.31	76779780	75374526464.000
05/23/2012	2369.26	2378.08	2350.55	2363.44	84216580	84886659072.000
05/24/2012	2359.68	2373.06	2344.58	2350.97	79206805	76840599552.000
05/25/2012	2350.54	2355.81	2327.41	2333.55	74019252	68024549376.000
05/28/2012	2325.32	2361.74	2309.07	2361.37	94962105	86735888384.000
05/29/2012	2361.00	2393.28	2358.37	2389.64	117157725	111363645440.000
05/30/2012	2385.39	2391.69	2378.13	2384.67	89809793	84828397568.000
05/31/2012	2370.01	2382.99	2362.31	2372.23	77890228	75383463936.000
06/01/2012	2373.22	2388.09	2365.44	2373.44	77021923	77078142976.000
06/04/2012	2346.98	2348.20	2308.23	2308.55	90179347	86903300096.000
06/05/2012	2313.74	2323.30	2304.05	2311.92	66078528	64099737600.000
06/06/2012	2315.56	2323.11	2301.03	2309.55	58532028	58562080768.000
06/07/2012	2324.67	2328.67	2288.67	2293.13	60232048	59646398464.000
06/08/2012	2306.22	2306.88	2276.71	2281.45	67924641	63755911168.000
06/11/2012	2282.89	2311.77	2278.16	2305.86	64197967	60177219584.000
06/12/2012	2295.07	2298.95	2280.95	2289.79	59941982	55298588672.000
06/13/2012	2289.71	2319.71	2284.65	2318.92	78454349	73945579520.000
06/14/2012	2306.78	2314.58	2293.06	2295.95	71633722	68928749568.000
06/15/2012	2299.78	2314.24	2283.40	2306.85	68687579	67855912960.000
06/18/2012	2313.53	2325.05	2309.71	2316.05	60594622	60309397504.000
06/19/2012	2313.46	2313.46	2298.39	2300.79	60135905	57869602816.000
06/20/2012	2300.41	2304.46	2291.54	2292.88	54103955	50568122368.000
06/21/2012	2288.45	2288.45	2253.79	2260.88	58992012	54696857600.000
06/25/2012	2253.51	2253.51	2223.05	2224.11	59768952	54809337856.000
06/26/2012	2214.65	2229.24	2203.94	2222.07	52940798	47281397760.000
06/27/2012	2219.94	2233.54	2213.32	2216.93	51049128	45220315136.000
06/28/2012	2220.24	2224.16	2195.36	2195.84	54182183	50299744256.000
06/29/2012	2190.58	2226.49	2188.72	2225.43	61441886	55964659712.000
