             人均国民总收入（美元）
国家和地区          1990    2000    2005    2006    2007    2008
世界                3850    5265    7045    7487    7990    8613
低收入国家          268     291     379     414     461     524
  最不发达地区      286     270     388     437     501     585
  重债穷国          338     284     390     427     474     548
中等收入国家        869     1322    2037    2346    2763    3260
  中等偏下收入国家  458     773     1314    1492    1749    2078
  中等偏上收入国家  2334    3397    4832    5659    6707    7878
中低收入国家        779     1155    1758    2019    2370    2789
  东亚和太平洋      403     906     1630    1851    2184    2631
  欧洲和中亚        2017    4010    4892    6030    7418    
  拉丁美洲和加勒比  2091    3803    4399    5042    5885    6780
  中东和北非国家    1225    1621    2159    2417    2788    3242
  南亚              357     443     696     772     880     986
  撒哈拉以南非洲    555     486     757     874     970     1082
高收入国家          17990   25883   34444   35996   37460   39345
 经合组织高收入国家 18832   27045   36071   37661   39165   41168
 欧元区             16575   21921   31940   33817   35825   38821